# time frequency crosspower
1239082261.621277   24.0 2.917888 
1239082261.621307   28.0 2.480791 
1239082261.625183   24.0 2.823819 
1239082261.625214   28.0 2.557331 
1239082261.633026   28.0 2.480791 
1239082261.636932   28.0 2.557331 
1239082261.640839   28.0 2.382983 
1239082261.605713   32.0 2.633427 
1239082261.609619   32.0 2.774094 
1239082261.613525   32.0 2.896958 
1239082261.617432   32.0 2.997267 
1239082261.621338   32.0 3.301235 
1239082261.621368   36.0 3.238897 
1239082261.625244   32.0 3.485329 
1239082261.625275   36.0 3.660132 
1239082261.629150   32.0 3.535782 
1239082261.629181   36.0 3.952821 
1239082261.633057   32.0 3.536930 
1239082261.633087   36.0 3.340495 
1239082261.636963   32.0 3.535737 
1239082261.636993   36.0 3.756265 
1239082261.637024   40.0 1.905527 
1239082261.640869   32.0 3.532219 
1239082261.640900   36.0 4.030483 
1239082261.640930   40.0 2.170527 
1239082261.644775   32.0 3.526419 
1239082261.644806   36.0 4.173289 
1239082261.644836   40.0 2.425829 
1239082261.648682   32.0 3.518338 
1239082261.648712   36.0 4.198381 
1239082261.648743   40.0 2.607852 
1239082261.652588   32.0 3.507983 
1239082261.652618   36.0 4.122140 
1239082261.652649   40.0 2.698370 
1239082261.652679   44.0 0.187429 
1239082261.656494   32.0 3.440174 
1239082261.656525   36.0 3.961927 
1239082261.656555   40.0 2.695793 
1239082261.656586   44.0 0.425890 
1239082261.660400   32.0 3.283097 
1239082261.660431   36.0 3.950677 
1239082261.660461   40.0 2.607595 
1239082261.660492   44.0 1.758188 
1239082261.664307   32.0 2.890840 
1239082261.664337   36.0 3.856305 
1239082261.664368   40.0 2.459023 
1239082261.664398   44.0 1.667640 
1239082261.668213   32.0 2.623679 
1239082261.668243   36.0 3.835306 
1239082261.672150   36.0 4.074085 
1239082261.676056   36.0 4.193085 
1239082261.679962   36.0 4.302340 
1239082261.683868   36.0 4.335344 
1239082261.687775   36.0 4.332875 
1239082261.691681   36.0 4.289275 
1239082261.695587   36.0 3.128673 
1239082261.699493   36.0 2.972443 
1239082261.703400   36.0 2.802819 
1239082261.707306   36.0 2.417931 
1239082261.711212   36.0 3.092704 
1239082261.715118   36.0 1.931472 
1239082261.719025   36.0 1.367491 
1239082261.722931   36.0 1.291812 
1239082261.726837   36.0 1.203835 
1239082261.730743   36.0 0.943374 
1239082261.734650   36.0 0.943837 
1239082261.738556   36.0 0.943749 
1239082261.742462   36.0 0.943108 
1239082261.746368   36.0 0.941907 
1239082261.746399   40.0 2.042325 
1239082261.750275   36.0 0.634850 
1239082261.750305   40.0 2.142665 
1239082261.754181   36.0 0.329472 
1239082261.754211   40.0 2.231201 
1239082261.758087   36.0 0.035776 
1239082261.758118   40.0 2.308629 
1239082261.762024   40.0 2.375742 
1239082261.765869   32.0 2.122797 
1239082261.765930   40.0 2.433398 
1239082261.765961   44.0 2.368940 
1239082261.769775   32.0 2.211439 
1239082261.769806   36.0 0.494320 
1239082261.769836   40.0 2.449387 
1239082261.769867   44.0 2.465541 
1239082261.773682   32.0 2.271801 
1239082261.773712   36.0 0.498124 
1239082261.773743   40.0 2.281128 
1239082261.773773   44.0 2.509900 
1239082261.777588   32.0 2.306205 
1239082261.777618   36.0 0.500633 
1239082261.777649   40.0 1.888569 
1239082261.777679   44.0 2.516224 
1239082261.781494   32.0 1.403403 
1239082261.781525   36.0 0.726652 
1239082261.781555   40.0 1.240492 
1239082261.781586   44.0 1.953572 
1239082261.785400   32.0 1.252258 
1239082261.785431   36.0 0.928149 
1239082261.785461   40.0 0.316121 
1239082261.785492   44.0 1.932999 
1239082261.789307   32.0 1.390419 
1239082261.789337   36.0 1.159720 
1239082261.789368   40.0 0.462284 
1239082261.789398   44.0 1.913540 
1239082261.793213   32.0 1.381999 
1239082261.793243   36.0 1.662999 
1239082261.793274   40.0 0.467701 
1239082261.793304   44.0 1.901759 
1239082261.797119   32.0 1.359412 
1239082261.797150   36.0 1.651797 
1239082261.797180   40.0 0.472433 
1239082261.797211   44.0 1.899834 
1239082261.801025   32.0 1.333622 
1239082261.801056   36.0 1.636606 
1239082261.801086   40.0 0.476554 
1239082261.801117   44.0 1.905201 
1239082261.804932   32.0 1.303451 
1239082261.804962   36.0 1.617244 
1239082261.804993   40.0 1.109059 
1239082261.805023   44.0 1.884219 
1239082261.808868   36.0 2.410415 
1239082261.808899   40.0 1.398871 
1239082261.808929   44.0 1.512381 
1239082261.812775   36.0 2.481534 
1239082261.812805   40.0 1.521314 
1239082261.812836   44.0 1.415745 
1239082261.816681   36.0 2.738864 
1239082261.816711   40.0 2.001492 
1239082261.816742   44.0 2.151425 
1239082261.820587   36.0 2.895648 
1239082261.820618   40.0 2.340218 
1239082261.820648   44.0 2.091862 
1239082261.824493   36.0 2.950512 
1239082261.824524   40.0 2.532803 
1239082261.828400   36.0 2.856405 
1239082261.828430   40.0 2.586784 
1239082261.832306   36.0 2.772214 
1239082261.832336   40.0 2.590938 
1239082261.836212   36.0 2.703765 
1239082261.836243   40.0 2.683847 
1239082261.840118   36.0 2.655426 
1239082261.840149   40.0 2.780335 
1239082261.844025   36.0 2.629016 
1239082261.844055   40.0 2.861449 
1239082261.847931   36.0 2.623393 
1239082261.847961   40.0 2.929104 
1239082261.851837   36.0 2.118196 
1239082261.851868   40.0 2.984981 
1239082261.855774   40.0 3.030445 
1239082261.859650   36.0 2.027200 
1239082261.859680   40.0 3.066214 
1239082261.859711   44.0 1.941984 
1239082261.863556   36.0 2.165700 
1239082261.863586   40.0 3.092580 
1239082261.863617   44.0 2.025466 
1239082261.867462   36.0 2.063174 
1239082261.867493   40.0 3.082069 
1239082261.867523   44.0 2.105778 
1239082261.871338   32.0 1.097495 
1239082261.871368   36.0 2.655757 
1239082261.871399   40.0 3.069701 
1239082261.871429   44.0 2.179969 
1239082261.875244   32.0 1.195384 
1239082261.875275   36.0 2.716819 
1239082261.875305   40.0 3.055435 
1239082261.875336   44.0 2.246357 
1239082261.879181   36.0 2.761645 
1239082261.879211   40.0 3.039195 
1239082261.879242   44.0 2.291899 
1239082261.883087   36.0 2.727477 
1239082261.883118   40.0 3.053944 
1239082261.883148   44.0 2.307828 
1239082261.886993   36.0 2.664657 
1239082261.887024   40.0 3.033181 
1239082261.887054   44.0 2.295145 
1239082261.890900   36.0 2.582934 
1239082261.890930   40.0 3.010197 
1239082261.890961   44.0 2.262825 
1239082261.894806   36.0 2.490481 
1239082261.894836   40.0 2.984893 
1239082261.894867   44.0 2.286613 
1239082261.898712   36.0 2.399500 
1239082261.898743   40.0 2.957174 
1239082261.898773   44.0 2.304548 
1239082261.902618   36.0 2.316905 
1239082261.902649   40.0 2.926958 
1239082261.902679   44.0 2.213815 
1239082261.906555   40.0 2.894137 
1239082261.906586   44.0 2.007476 
1239082261.910461   40.0 2.828929 
1239082261.910492   44.0 1.869814 
1239082261.914368   40.0 2.745161 
1239082261.914398   44.0 2.295371 
1239082261.914429   48.0 0.304688 
1239082261.918274   40.0 2.640951 
1239082261.918304   44.0 2.489668 
1239082261.918335   48.0 1.715914 
1239082261.922180   40.0 2.514471 
1239082261.922211   44.0 2.523282 
1239082261.922241   48.0 1.925931 
1239082261.926086   40.0 2.397194 
1239082261.926117   44.0 2.505609 
1239082261.926147   48.0 1.986634 
1239082261.929993   40.0 2.355006 
1239082261.930023   44.0 2.482130 
1239082261.930054   48.0 2.015952 
1239082261.933899   40.0 2.309976 
1239082261.933929   44.0 2.452325 
1239082261.933960   48.0 2.042789 
1239082261.937836   44.0 2.415499 
1239082261.937866   48.0 1.857326 
1239082261.941742   44.0 2.370762 
1239082261.941772   48.0 1.897996 
1239082261.945648   44.0 2.317037 
1239082261.945679   48.0 2.324762 
1239082261.949554   44.0 2.158224 
1239082261.949585   48.0 2.487835 
1239082261.953491   48.0 2.534054 
1239082261.957397   48.0 2.575463 
1239082261.961304   48.0 2.612011 
1239082261.961334   52.0 2.139352 
1239082261.965210   48.0 2.643926 
1239082261.965240   52.0 2.415983 
1239082261.969116   48.0 2.671664 
1239082261.969147   52.0 2.693006 
1239082261.973022   48.0 2.814389 
1239082261.973053   52.0 2.972016 
1239082261.976929   48.0 2.887089 
1239082261.976959   52.0 3.253129 
1239082261.980835   48.0 2.994308 
1239082261.980865   52.0 3.535402 
1239082261.984741   48.0 2.993706 
1239082261.984772   52.0 3.816843 
1239082261.988647   48.0 3.095777 
1239082261.988678   52.0 4.094738 
1239082261.988708   56.0 2.277335 
1239082261.988739   60.0 2.208856 
1239082261.992554   48.0 3.438752 
1239082261.992584   52.0 4.365890 
1239082261.992615   56.0 2.617801 
1239082261.992645   60.0 2.376703 
1239082261.996460   48.0 3.607884 
1239082261.996490   52.0 4.626637 
1239082261.996521   56.0 2.944979 
1239082261.996552   60.0 2.474229 
1239082262.000366   48.0 3.683910 
1239082262.000397   52.0 4.872785 
1239082262.000427   56.0 3.257329 
1239082262.000458   60.0 2.485674 
1239082262.004242   44.0 2.128958 
1239082262.004272   48.0 3.764604 
1239082262.004303   52.0 5.099798 
1239082262.004333   56.0 3.552925 
1239082262.004364   60.0 2.573107 
1239082262.008179   48.0 3.847929 
1239082262.008209   52.0 5.302687 
1239082262.008240   56.0 3.848437 
1239082262.012054   44.0 0.073733 
1239082262.012085   48.0 3.931103 
1239082262.012115   52.0 5.476350 
1239082262.012146   56.0 4.221190 
1239082262.015991   48.0 4.011118 
1239082262.016022   52.0 5.615507 
1239082262.016052   56.0 4.570611 
1239082262.016083   60.0 2.084355 
1239082262.019897   48.0 4.084953 
1239082262.019928   52.0 5.714918 
1239082262.019958   56.0 4.888691 
1239082262.019989   60.0 2.558841 
1239082262.023773   44.0 0.073733 
1239082262.023804   48.0 4.819201 
1239082262.023834   52.0 5.769540 
1239082262.023865   56.0 5.167431 
1239082262.023895   60.0 3.035514 
1239082262.027679   44.0 0.273109 
1239082262.027710   48.0 5.128572 
1239082262.027740   52.0 5.774680 
1239082262.027771   56.0 5.399125 
1239082262.027802   60.0 3.521838 
1239082262.031494   32.0 2.348746 
1239082262.031555   40.0 2.559571 
1239082262.031586   44.0 0.391140 
1239082262.031616   48.0 5.307557 
1239082262.031647   52.0 5.732823 
1239082262.031677   56.0 5.576669 
1239082262.031708   60.0 3.992117 
1239082262.035400   32.0 2.746495 
1239082262.035431   36.0 3.700641 
1239082262.035461   40.0 2.915592 
1239082262.035492   44.0 4.652781 
1239082262.035522   48.0 5.339526 
1239082262.035553   52.0 5.693160 
1239082262.035583   56.0 5.627870 
1239082262.035614   60.0 4.313494 
1239082262.039307   32.0 3.089885 
1239082262.039337   36.0 4.196158 
1239082262.039368   40.0 3.129812 
1239082262.039398   44.0 4.744209 
1239082262.039429   48.0 5.305613 
1239082262.039459   52.0 5.701255 
1239082262.039490   56.0 5.745619 
1239082262.039520   60.0 4.814183 
1239082262.043213   32.0 3.189771 
1239082262.043274   40.0 2.555382 
1239082262.043304   44.0 4.855126 
1239082262.043335   48.0 5.345465 
1239082262.043365   52.0 5.661932 
1239082262.043396   56.0 5.647215 
1239082262.043427   60.0 5.189829 
1239082262.047211   44.0 4.705430 
1239082262.047241   48.0 5.204444 
1239082262.047272   52.0 5.567451 
1239082262.047302   56.0 5.733227 
1239082262.047333   60.0 5.523971 
1239082262.051117   44.0 4.340464 
1239082262.051147   48.0 4.723420 
1239082262.051178   52.0 5.410125 
1239082262.051208   56.0 5.691864 
1239082262.051239   60.0 5.810828 
1239082262.055023   44.0 3.810439 
1239082262.055054   48.0 4.046564 
1239082262.055084   52.0 5.178260 
1239082262.055115   56.0 5.626409 
1239082262.055145   60.0 6.045827 
1239082262.058929   44.0 3.124772 
1239082262.058960   48.0 3.839528 
1239082262.058990   52.0 4.877194 
1239082262.059021   56.0 5.536148 
1239082262.059052   60.0 6.225845 
1239082262.062866   48.0 3.576768 
1239082262.062897   52.0 4.517682 
1239082262.062927   56.0 5.432226 
1239082262.062958   60.0 6.287989 
1239082262.066803   52.0 3.660057 
1239082262.066833   56.0 5.290946 
1239082262.066864   60.0 6.330366 
1239082262.070679   48.0 2.796677 
1239082262.070709   52.0 3.450792 
1239082262.070740   56.0 5.126118 
1239082262.070770   60.0 6.354235 
1239082262.074585   48.0 3.218836 
1239082262.074615   52.0 3.212464 
1239082262.074646   56.0 4.941511 
1239082262.074677   60.0 6.360556 
1239082262.078491   48.0 3.045930 
1239082262.078522   52.0 2.615160 
1239082262.078552   56.0 4.716867 
1239082262.078583   60.0 6.350010 
1239082262.082397   48.0 2.942914 
1239082262.082428   52.0 2.402712 
1239082262.082458   56.0 4.828032 
1239082262.082489   60.0 6.322955 
1239082262.086304   48.0 2.500223 
1239082262.086334   52.0 2.471184 
1239082262.086365   56.0 4.716021 
1239082262.086395   60.0 6.267540 
1239082262.090210   48.0 3.086175 
1239082262.090271   56.0 4.250877 
1239082262.090302   60.0 6.193695 
1239082262.094177   56.0 3.896804 
1239082262.094208   60.0 6.021064 
1239082262.098083   56.0 3.079403 
1239082262.098114   60.0 5.900725 
1239082262.101990   56.0 2.920341 
1239082262.102020   60.0 5.848268 
1239082262.105896   56.0 2.719877 
1239082262.105927   60.0 5.873022 
1239082262.109802   56.0 2.645616 
1239082262.109833   60.0 5.850441 
1239082262.113708   56.0 2.565323 
1239082262.113739   60.0 5.148466 
1239082262.117615   56.0 2.427181 
1239082262.117645   60.0 4.616599 
1239082262.121521   56.0 2.665563 
1239082262.121552   60.0 4.547570 
1239082262.125458   60.0 4.298448 
1239082262.129364   60.0 3.406640 
1239082262.133270   60.0 3.040286 
1239082262.000488   64.0 1.482258 
1239082262.000519   68.0 1.174783 
1239082262.004395   64.0 1.518486 
1239082262.004425   68.0 1.196537 
1239082262.004456   72.0 0.670090 
1239082262.008362   72.0 0.477231 
1239082262.035645   64.0 3.191624 
1239082262.039551   64.0 3.480191 
1239082262.039581   68.0 2.104569 
1239082262.039612   72.0 1.136137 
1239082262.043457   64.0 3.864004 
1239082262.043488   68.0 2.227652 
1239082262.043518   72.0 1.312531 
1239082262.047363   64.0 4.884001 
1239082262.047394   68.0 2.260265 
1239082262.051270   64.0 4.948325 
1239082262.051300   68.0 2.101263 
1239082262.051331   72.0 0.654623 
1239082262.055176   64.0 5.351004 
1239082262.055206   68.0 2.862387 
1239082262.055237   72.0 1.312531 
1239082262.055267   76.0 1.632753 
1239082262.059082   64.0 5.877975 
1239082262.059113   68.0 3.029090 
1239082262.059174   76.0 1.821347 
1239082262.062988   64.0 5.907291 
1239082262.063019   68.0 3.605286 
1239082262.063049   72.0 0.184601 
1239082262.063202   92.0 1.557307 
1239082262.066895   64.0 6.027857 
1239082262.066925   68.0 4.356308 
1239082262.067108   92.0 1.615499 
1239082262.070801   64.0 6.438261 
1239082262.070831   68.0 5.686451 
1239082262.070862   72.0 3.459166 
1239082262.070892   76.0 3.467597 
1239082262.070984   88.0 2.369256 
1239082262.071014   92.0 1.652778 
1239082262.074707   64.0 7.292506 
1239082262.074738   68.0 6.234320 
1239082262.074768   72.0 5.158212 
1239082262.074799   76.0 3.700303 
1239082262.074829   80.0 2.138463 
1239082262.074860   84.0 2.509297 
1239082262.074890   88.0 2.715121 
1239082262.074921   92.0 2.107457 
1239082262.078613   64.0 7.503621 
1239082262.078644   68.0 6.823121 
1239082262.078674   72.0 5.913409 
1239082262.078705   76.0 4.008548 
1239082262.078735   80.0 2.451072 
1239082262.078766   84.0 2.446584 
1239082262.078796   88.0 2.711731 
1239082262.078827   92.0 2.455944 
1239082262.082520   64.0 7.641971 
1239082262.082550   68.0 7.470389 
1239082262.082581   72.0 6.235944 
1239082262.082611   76.0 4.690557 
1239082262.082642   80.0 2.770801 
1239082262.082703   88.0 2.513452 
1239082262.082733   92.0 2.447037 
1239082262.086426   64.0 7.701414 
1239082262.086456   68.0 7.978592 
1239082262.086487   72.0 6.849471 
1239082262.086517   76.0 5.036057 
1239082262.086548   80.0 2.842361 
1239082262.086639   92.0 2.294576 
1239082262.090332   64.0 7.723343 
1239082262.090363   68.0 8.331005 
1239082262.090393   72.0 7.376619 
1239082262.090424   76.0 5.426517 
1239082262.090454   80.0 2.704743 
1239082262.090546   92.0 2.455944 
1239082262.094238   64.0 7.799171 
1239082262.094269   68.0 8.505843 
1239082262.094299   72.0 7.763889 
1239082262.094330   76.0 5.958178 
1239082262.094360   80.0 3.174126 
1239082262.094452   92.0 2.859621 
1239082262.098145   64.0 7.815207 
1239082262.098175   68.0 8.585169 
1239082262.098206   72.0 7.984408 
1239082262.098236   76.0 6.477884 
1239082262.098267   80.0 4.365881 
1239082262.098297   84.0 2.133596 
1239082262.098328   88.0 2.638683 
1239082262.102051   64.0 7.792133 
1239082262.102081   68.0 8.568189 
1239082262.102112   72.0 8.076942 
1239082262.102142   76.0 6.926289 
1239082262.102173   80.0 5.497928 
1239082262.102203   84.0 4.898114 
1239082262.102234   88.0 3.163677 
1239082262.102264   92.0 3.826853 
1239082262.105957   64.0 7.694588 
1239082262.105988   68.0 8.442965 
1239082262.106018   72.0 8.107840 
1239082262.106049   76.0 7.213741 
1239082262.106079   80.0 6.622849 
1239082262.106110   84.0 6.034805 
1239082262.106140   88.0 4.894970 
1239082262.106171   92.0 5.124719 
1239082262.109863   64.0 7.571019 
1239082262.109894   68.0 8.188496 
1239082262.109924   72.0 8.013464 
1239082262.109955   76.0 7.648032 
1239082262.109985   80.0 7.248934 
1239082262.110016   84.0 6.575241 
1239082262.110046   88.0 5.662047 
1239082262.110077   92.0 4.910031 
1239082262.113770   64.0 7.432028 
1239082262.113800   68.0 8.017353 
1239082262.113831   72.0 7.874390 
1239082262.113861   76.0 7.764604 
1239082262.113892   80.0 7.512833 
1239082262.113922   84.0 6.968493 
1239082262.113953   88.0 6.311630 
1239082262.113983   92.0 6.513187 
1239082262.117676   64.0 6.830179 
1239082262.117706   68.0 7.505226 
1239082262.117737   72.0 7.573153 
1239082262.117767   76.0 7.562829 
1239082262.117798   80.0 7.592110 
1239082262.117828   84.0 7.275242 
1239082262.117859   88.0 6.945621 
1239082262.117889   92.0 6.551678 
1239082262.121582   64.0 7.098100 
1239082262.121613   68.0 6.326004 
1239082262.121643   72.0 6.888773 
1239082262.121674   76.0 7.284135 
1239082262.121704   80.0 7.439593 
1239082262.121735   84.0 7.404744 
1239082262.121765   88.0 7.387383 
1239082262.121796   92.0 6.651701 
1239082262.125488   64.0 5.875688 
1239082262.125519   68.0 5.757521 
1239082262.125549   72.0 6.701505 
1239082262.125580   76.0 6.999444 
1239082262.125610   80.0 7.189592 
1239082262.125641   84.0 7.316491 
1239082262.125671   88.0 7.588620 
1239082262.125702   92.0 7.034831 
1239082262.129395   64.0 3.331717 
1239082262.129425   68.0 3.863902 
1239082262.129456   72.0 6.434046 
1239082262.129486   76.0 6.904298 
1239082262.129517   80.0 6.734127 
1239082262.129547   84.0 7.071605 
1239082262.129578   88.0 7.569889 
1239082262.129608   92.0 7.194495 
1239082262.133301   64.0 2.349093 
1239082262.133331   68.0 4.399295 
1239082262.133362   72.0 5.053852 
1239082262.133392   76.0 6.779955 
1239082262.133423   80.0 6.054562 
1239082262.133453   84.0 6.750326 
1239082262.133484   88.0 7.398865 
1239082262.133514   92.0 7.201298 
1239082262.137207   64.0 1.774800 
1239082262.137238   68.0 3.424177 
1239082262.137268   72.0 5.023823 
1239082262.137299   76.0 5.362735 
1239082262.137329   80.0 5.401905 
1239082262.137360   84.0 6.273433 
1239082262.137390   88.0 7.050076 
1239082262.137421   92.0 7.058252 
1239082262.141174   72.0 4.023133 
1239082262.141205   76.0 4.791669 
1239082262.141235   80.0 4.689793 
1239082262.141266   84.0 5.677544 
1239082262.141296   88.0 6.242054 
1239082262.141327   92.0 6.598518 
1239082262.145081   72.0 3.041066 
1239082262.145111   76.0 3.479722 
1239082262.145142   80.0 4.468078 
1239082262.145172   84.0 5.524855 
1239082262.145203   88.0 5.559558 
1239082262.145233   92.0 5.754942 
1239082262.148987   72.0 2.384341 
1239082262.149017   76.0 2.658958 
1239082262.149048   80.0 3.767964 
1239082262.149078   84.0 2.751984 
1239082262.149109   88.0 3.279086 
1239082262.149139   92.0 5.386857 
1239082262.152893   72.0 1.754770 
1239082262.152924   76.0 2.156671 
1239082262.152954   80.0 3.101526 
1239082262.152985   84.0 3.953317 
1239082262.153015   88.0 2.809015 
1239082262.153046   92.0 4.703757 
1239082262.156830   76.0 1.781022 
1239082262.156860   80.0 2.927536 
1239082262.156921   88.0 2.302799 
1239082262.156952   92.0 4.058147 
1239082262.160858   92.0 2.442221 
1239082262.164764   92.0 2.187837 
1239082262.063293  104.0 1.577324 
1239082262.063385  116.0 1.781410 
1239082262.063416  120.0 1.703743 
1239082262.067169  100.0 0.231172 
1239082262.067200  104.0 1.653615 
1239082262.067230  108.0 1.474370 
1239082262.067261  112.0 1.819246 
1239082262.067291  116.0 1.839087 
1239082262.067322  120.0 1.970621 
1239082262.067352  124.0 1.929848 
1239082262.071075  100.0 0.239603 
1239082262.071106  104.0 1.637803 
1239082262.071136  108.0 1.433550 
1239082262.071167  112.0 1.768682 
1239082262.071198  116.0 2.105945 
1239082262.071228  120.0 2.034208 
1239082262.074951   96.0 0.521402 
1239082262.074982  100.0 0.259598 
1239082262.075012  104.0 1.647796 
1239082262.078857   96.0 1.659783 
1239082262.090576   96.0 1.659783 
1239082262.094482   96.0 1.716545 
1239082262.106201   96.0 4.503947 
1239082262.106262  104.0 2.260609 
1239082262.106293  108.0 2.023536 
1239082262.110107   96.0 4.465702 
1239082262.110138  100.0 2.807884 
1239082262.110168  104.0 2.273501 
1239082262.110199  108.0 1.759873 
1239082262.114014   96.0 6.252498 
1239082262.114044  100.0 3.063371 
1239082262.114075  104.0 3.384338 
1239082262.114105  108.0 1.658274 
1239082262.117920   96.0 6.397730 
1239082262.117950  100.0 5.322767 
1239082262.117981  104.0 4.766664 
1239082262.118011  108.0 4.157442 
1239082262.118042  112.0 3.582129 
1239082262.121826   96.0 6.521763 
1239082262.121857  100.0 5.430311 
1239082262.121887  104.0 5.065501 
1239082262.121918  108.0 4.327871 
1239082262.121948  112.0 3.758249 
1239082262.125732   96.0 6.752253 
1239082262.125763  100.0 6.008896 
1239082262.125793  104.0 5.401769 
1239082262.125824  108.0 4.467910 
1239082262.125854  112.0 3.648501 
1239082262.125885  116.0 2.524657 
1239082262.129639   96.0 7.068850 
1239082262.129669  100.0 6.450706 
1239082262.129700  104.0 5.995780 
1239082262.129730  108.0 5.114826 
1239082262.129761  112.0 4.035374 
1239082262.129791  116.0 2.683745 
1239082262.133545   96.0 7.247888 
1239082262.133575  100.0 6.771873 
1239082262.133606  104.0 6.389302 
1239082262.133636  108.0 5.223560 
1239082262.133667  112.0 4.345353 
1239082262.133698  116.0 2.985037 
1239082262.137451   96.0 7.316340 
1239082262.137482  100.0 6.953873 
1239082262.137512  104.0 6.422685 
1239082262.137543  108.0 5.430737 
1239082262.137573  112.0 4.583643 
1239082262.137604  116.0 3.441126 
1239082262.137634  120.0 0.974365 
1239082262.141357   96.0 7.244333 
1239082262.141388  100.0 7.026108 
1239082262.141418  104.0 6.544651 
1239082262.141449  108.0 5.556365 
1239082262.141479  112.0 4.847937 
1239082262.141510  116.0 3.709138 
1239082262.141541  120.0 3.685945 
1239082262.145264   96.0 6.702568 
1239082262.145294  100.0 6.596875 
1239082262.145325  104.0 6.180317 
1239082262.145355  108.0 5.235435 
1239082262.145386  112.0 4.642810 
1239082262.145416  116.0 3.853875 
1239082262.145447  120.0 4.403906 
1239082262.145477  124.0 4.746977 
1239082262.149170   96.0 5.887956 
1239082262.149200  100.0 5.468477 
1239082262.149231  104.0 4.398262 
1239082262.149261  108.0 4.395788 
1239082262.149292  112.0 3.675170 
1239082262.149323  116.0 3.894750 
1239082262.149353  120.0 4.597184 
1239082262.149384  124.0 5.972337 
1239082262.153076   96.0 5.070804 
1239082262.153107  100.0 4.839707 
1239082262.153137  104.0 4.313887 
1239082262.153168  108.0 3.653480 
1239082262.153198  112.0 3.214931 
1239082262.153229  116.0 3.828220 
1239082262.153259  120.0 4.605879 
1239082262.153290  124.0 6.211497 
1239082262.156982   96.0 4.123036 
1239082262.157013  100.0 3.971149 
1239082262.157043  104.0 4.023896 
1239082262.157074  108.0 3.593084 
1239082262.157104  112.0 3.147562 
1239082262.157135  116.0 3.602373 
1239082262.157166  120.0 4.159066 
1239082262.157196  124.0 5.418243 
1239082262.160889   96.0 2.330415 
1239082262.160919  100.0 2.411192 
1239082262.160950  104.0 3.540660 
1239082262.160980  108.0 2.779037 
1239082262.161011  112.0 3.073611 
1239082262.161041  116.0 3.467376 
1239082262.161072  120.0 3.567005 
1239082262.161102  124.0 6.211497 
1239082262.164795   96.0 2.004182 
1239082262.164825  100.0 1.313571 
1239082262.164856  104.0 2.964104 
1239082262.164886  108.0 2.703102 
1239082262.164917  112.0 2.959593 
1239082262.164948  116.0 3.287144 
1239082262.164978  120.0 4.273736 
1239082262.165009  124.0 4.734823 
1239082262.168701   96.0 1.386688 
1239082262.168732  100.0 1.270846 
1239082262.168762  104.0 2.095394 
1239082262.168884  120.0 2.580690 
1239082262.168915  124.0 3.035572 
1239082262.137756  136.0 1.485679 
1239082262.137787  140.0 1.287417 
1239082262.137817  144.0 2.045546 
1239082262.137848  148.0 1.960621 
1239082262.137878  152.0 1.824912 
1239082262.137909  156.0 1.718635 
1239082262.141602  128.0 3.448816 
1239082262.141663  136.0 2.543017 
1239082262.141693  140.0 2.046636 
1239082262.141724  144.0 1.710625 
1239082262.141754  148.0 2.248189 
1239082262.141785  152.0 3.122951 
1239082262.141815  156.0 3.700264 
1239082262.145508  128.0 4.820228 
1239082262.145538  132.0 4.508922 
1239082262.145569  136.0 4.068902 
1239082262.145599  140.0 3.602464 
1239082262.145630  144.0 3.227008 
1239082262.145660  148.0 3.118546 
1239082262.145691  152.0 3.229798 
1239082262.145721  156.0 3.431319 
1239082262.149414  128.0 6.114495 
1239082262.149445  132.0 6.290197 
1239082262.149475  136.0 6.376792 
1239082262.149506  140.0 6.378272 
1239082262.149536  144.0 6.476611 
1239082262.149567  148.0 6.471944 
1239082262.149597  152.0 6.356215 
1239082262.149628  156.0 6.306129 
1239082262.153320  128.0 6.471096 
1239082262.153351  132.0 6.735957 
1239082262.153381  136.0 6.907943 
1239082262.153412  140.0 6.979402 
1239082262.153442  144.0 7.219457 
1239082262.153473  148.0 7.313368 
1239082262.153503  152.0 7.245488 
1239082262.153534  156.0 7.071241 
1239082262.157227  128.0 5.542016 
1239082262.157257  132.0 5.734097 
1239082262.157288  136.0 5.872074 
1239082262.157318  140.0 5.956021 
1239082262.157349  144.0 6.115839 
1239082262.157379  148.0 6.209917 
1239082262.157410  152.0 6.205037 
1239082262.157440  156.0 6.133450 
1239082262.161133  128.0 6.471096 
1239082262.161163  132.0 6.735957 
1239082262.161194  136.0 6.907943 
1239082262.161224  140.0 6.979402 
1239082262.161255  144.0 7.194686 
1239082262.161285  148.0 7.248477 
1239082262.161316  152.0 7.193346 
1239082262.161346  156.0 7.044576 
1239082262.165039  128.0 5.587957 
1239082262.165070  132.0 5.502294 
1239082262.165100  136.0 5.272115 
1239082262.165131  140.0 5.917932 
1239082262.165161  144.0 6.254807 
1239082262.165192  148.0 6.383137 
1239082262.165222  152.0 6.400934 
1239082262.165253  156.0 6.353826 
1239082262.168945  128.0 3.492988 
1239082262.168976  132.0 3.652696 
1239082262.169006  136.0 3.699014 
1239082262.169037  140.0 3.673699 
1239082262.169067  144.0 3.878876 
1239082262.169098  148.0 4.035947 
1239082262.169128  152.0 3.787645 
1239082262.169159  156.0 5.442278 
1239082262.172913  136.0 2.649496 
1239082262.172943  140.0 2.696287 
1239082262.172974  144.0 2.634421 
1239082262.173004  148.0 2.918430 
1239082262.173035  152.0 2.905340 
1239082262.173065  156.0 2.868090 
1239082262.176910  148.0 2.191097 
1239082262.176941  152.0 2.564625 
1239082262.176971  156.0 4.336374 
1239082262.141846  160.0 3.542866 
1239082262.141876  164.0 3.363859 
1239082262.141907  168.0 3.138643 
1239082262.145752  160.0 3.609803 
1239082262.145782  164.0 3.721487 
1239082262.145813  168.0 3.691649 
1239082262.145844  172.0 3.566305 
1239082262.145874  176.0 3.345171 
1239082262.145905  180.0 3.089915 
1239082262.145935  184.0 1.122920 
1239082262.145966  188.0 0.258881 
1239082262.149658  160.0 6.149840 
1239082262.149689  164.0 5.642694 
1239082262.149719  168.0 5.467700 
1239082262.149750  172.0 5.210690 
1239082262.149780  176.0 4.948682 
1239082262.149811  180.0 4.677826 
1239082262.149841  184.0 4.355310 
1239082262.149872  188.0 4.020687 
1239082262.153564  160.0 6.741527 
1239082262.153595  164.0 6.420554 
1239082262.153625  168.0 6.212222 
1239082262.153656  172.0 5.816037 
1239082262.153687  176.0 5.387673 
1239082262.153717  180.0 4.927265 
1239082262.153748  184.0 4.591576 
1239082262.153778  188.0 4.238261 
1239082262.157471  160.0 5.970137 
1239082262.157501  164.0 5.760878 
1239082262.157532  168.0 5.571167 
1239082262.157562  172.0 5.298461 
1239082262.157593  176.0 4.987432 
1239082262.157623  180.0 4.397738 
1239082262.157654  184.0 4.207623 
1239082262.157684  188.0 3.751360 
1239082262.161377  160.0 5.704583 
1239082262.161407  164.0 6.420554 
1239082262.161438  168.0 6.212222 
1239082262.161469  172.0 5.816037 
1239082262.161499  176.0 5.387673 
1239082262.161530  180.0 4.927265 
1239082262.161560  184.0 4.591576 
1239082262.161591  188.0 4.238261 
1239082262.165283  160.0 6.159484 
1239082262.165314  164.0 5.868857 
1239082262.165344  168.0 5.621720 
1239082262.165375  172.0 5.037243 
1239082262.165405  176.0 4.778059 
1239082262.165436  180.0 4.438407 
1239082262.165466  184.0 4.177492 
1239082262.165497  188.0 3.915706 
1239082262.169189  160.0 5.466620 
1239082262.169220  164.0 5.021376 
1239082262.169250  168.0 4.453350 
1239082262.169281  172.0 4.102849 
1239082262.169312  176.0 3.607822 
1239082262.169342  180.0 2.863488 
1239082262.169373  184.0 2.160277 
1239082262.173096  160.0 2.805566 
1239082262.173126  164.0 2.748317 
1239082262.173157  168.0 2.231599 
1239082262.173187  172.0 1.719561 
1239082262.177002  160.0 2.906260 
1239082262.177032  164.0 2.807525 
1239082262.177063  168.0 2.466402 
1239082262.180939  164.0 2.514042 
1239082262.180969  168.0 2.486556 
1239082262.145996  192.0 0.913005 
1239082262.146027  196.0 0.660949 
1239082262.149902  192.0 3.716484 
1239082262.149933  196.0 3.307178 
1239082262.149963  200.0 2.994557 
1239082262.153809  192.0 3.916883 
1239082262.153839  196.0 3.472594 
1239082262.153870  200.0 3.193424 
1239082262.157715  192.0 3.305551 
1239082262.161621  192.0 3.916883 
1239082262.161652  196.0 3.472594 
1239082262.161682  200.0 2.938967 
1239082262.161713  204.0 2.764225 
1239082262.161743  208.0 2.622360 
1239082262.165527  192.0 3.702345 
1239082262.165558  196.0 3.375407 
1239082262.165588  200.0 3.193424 
1239082262.165619  204.0 2.764225 
