# time frequency crosspower
1249852255.570618   40.0 2.867873 
1249852255.574524   40.0 2.942076 
1249852255.578430   40.0 3.010401 
1249852255.582336   40.0 3.073750 
1249852255.586243   40.0 3.132476 
1249852255.590149   40.0 3.186414 
1249852255.594055   40.0 3.234979 
1249852255.597961   40.0 3.277326 
1249852255.601868   40.0 3.312760 
1249852255.605774   40.0 3.340824 
1249852255.609680   40.0 3.361575 
1249852255.613556   36.0 2.597224 
1249852255.613586   40.0 3.375745 
1249852255.617462   36.0 2.673954 
1249852255.617493   40.0 3.384878 
1249852255.621368   36.0 2.693078 
1249852255.621399   40.0 3.391212 
1249852255.625275   36.0 2.695896 
1249852255.625305   40.0 3.397746 
1249852255.629181   36.0 2.695896 
1249852255.629211   40.0 3.407687 
1249852255.633087   36.0 3.065349 
1249852255.633118   40.0 3.424438 
1249852255.637024   40.0 4.815964 
1249852255.640930   40.0 4.868220 
1249852255.644806   36.0 3.065349 
1249852255.644836   40.0 4.916336 
1249852255.648712   36.0 3.016687 
1249852255.648743   40.0 4.960466 
1249852255.652618   36.0 2.897336 
1249852255.652649   40.0 5.000709 
1249852255.656525   36.0 2.513949 
1249852255.656555   40.0 4.916336 
1249852255.660431   36.0 1.998919 
1249852255.660461   40.0 4.960466 
1249852255.664337   36.0 2.006741 
1249852255.664368   40.0 5.000709 
1249852255.668243   36.0 2.010566 
1249852255.668274   40.0 5.037170 
1249852255.672150   36.0 2.010822 
1249852255.672180   40.0 5.033389 
1249852255.676056   36.0 2.007782 
1249852255.676086   40.0 5.079779 
1249852255.679962   36.0 2.001651 
1249852255.679993   40.0 5.124362 
1249852255.683868   36.0 1.972481 
1249852255.683899   40.0 5.146138 
1249852255.687775   36.0 1.847943 
1249852255.687805   40.0 3.896194 
1249852255.691681   36.0 1.827838 
1249852255.691711   40.0 3.775810 
1249852255.695587   36.0 1.778698 
1249852255.695618   40.0 3.655696 
1249852255.699493   36.0 1.699439 
1249852255.699524   40.0 3.254263 
1249852255.703430   40.0 3.265616 
1249852255.707336   40.0 3.275800 
1249852255.711243   40.0 3.284750 
1249852255.715149   40.0 3.242999 
1249852255.719055   40.0 3.489916 
1249852255.722961   40.0 3.565354 
1249852255.726868   40.0 3.636608 
1249852255.730774   40.0 3.701016 
1249852255.734680   40.0 3.756835 
1249852255.738586   40.0 3.857993 
1249852255.742493   40.0 4.517125 
1249852255.746399   40.0 4.826644 
1249852255.750305   40.0 4.855317 
1249852255.754211   40.0 4.836932 
1249852255.758118   40.0 4.814420 
1249852255.762024   40.0 4.787734 
1249852255.765930   40.0 4.756794 
1249852255.769836   40.0 4.721591 
1249852255.773743   40.0 4.682071 
1249852255.777649   40.0 4.403125 
1249852255.781555   40.0 3.136868 
1249852255.785461   40.0 3.206208 
1249852255.789368   40.0 3.217275 
1249852255.793274   40.0 3.229689 
1249852255.797180   40.0 3.841654 
1249852255.801086   40.0 3.788578 
1249852255.801117   44.0 2.188943 
1249852255.804993   40.0 3.732481 
1249852255.805023   44.0 2.341186 
1249852255.808899   40.0 3.673560 
1249852255.808929   44.0 2.468579 
1249852255.812805   40.0 3.791996 
1249852255.812836   44.0 2.546204 
1249852255.816711   40.0 3.741706 
1249852255.816742   44.0 2.908017 
1249852255.820618   40.0 3.679752 
1249852255.820648   44.0 3.018181 
1249852255.824524   40.0 3.606357 
1249852255.824554   44.0 3.101371 
1249852255.828430   40.0 3.530421 
1249852255.828461   44.0 3.159182 
1249852255.832336   40.0 3.453887 
1249852255.832367   44.0 3.166981 
1249852255.836243   40.0 3.377346 
1249852255.836273   44.0 3.167640 
1249852255.840149   40.0 3.301386 
1249852255.840179   44.0 3.230687 
1249852255.844055   40.0 3.226630 
1249852255.844086   44.0 3.218197 
1249852255.847961   40.0 2.922320 
1249852255.847992   44.0 3.199927 
1249852255.851868   40.0 2.851072 
1249852255.851898   44.0 3.176426 
1249852255.855774   40.0 2.767855 
1249852255.855804   44.0 3.148181 
1249852255.859680   40.0 2.674116 
1249852255.859711   44.0 3.115550 
1249852255.863617   44.0 3.191759 
1249852255.867523   44.0 3.162652 
1249852255.871429   44.0 3.070909 
1249852255.875336   44.0 2.955905 
1249852255.879242   44.0 2.927925 
1249852255.883148   44.0 2.894447 
1249852255.887054   44.0 2.593527 
1249852256.101868   40.0 2.375613 
1249852256.101898   44.0 1.429311 
1249852256.105774   40.0 2.593417 
1249852256.105804   44.0 1.871586 
1249852256.109680   40.0 2.813179 
1249852256.109711   44.0 2.287646 
1249852256.113586   40.0 3.033285 
1249852256.113617   44.0 2.678170 
1249852256.117493   40.0 3.252498 
1249852256.117523   44.0 3.043372 
1249852256.121399   40.0 3.469561 
1249852256.121429   44.0 3.383200 
1249852256.125305   40.0 3.683213 
1249852256.125336   44.0 3.742908 
1249852256.129211   40.0 4.263963 
1249852256.129242   44.0 3.983832 
1249852256.133118   40.0 4.280578 
1249852256.133148   44.0 4.246353 
1249852256.137024   40.0 4.288922 
1249852256.137054   44.0 4.515689 
1249852256.140930   40.0 4.464921 
1249852256.140961   44.0 4.761749 
1249852256.144836   40.0 4.627485 
1249852256.144867   44.0 4.980529 
1249852256.144897   48.0 3.060702 
1249852256.148743   40.0 4.768819 
1249852256.148773   44.0 5.167413 
1249852256.148804   48.0 2.689041 
1249852256.152649   40.0 4.884007 
1249852256.152679   44.0 5.317153 
1249852256.152710   48.0 3.712754 
1249852256.156555   40.0 4.967829 
1249852256.156586   44.0 5.424255 
1249852256.156616   48.0 4.035386 
1249852256.160431   36.0 2.934653 
1249852256.160461   40.0 5.014921 
1249852256.160492   44.0 5.178939 
1249852256.160522   48.0 4.960865 
1249852256.164337   36.0 3.193553 
1249852256.164368   40.0 5.020052 
1249852256.164398   44.0 5.368137 
1249852256.164429   48.0 5.227332 
1249852256.164459   52.0 2.647840 
1249852256.168243   36.0 3.377373 
1249852256.168274   40.0 4.967829 
1249852256.168304   44.0 5.499804 
1249852256.168335   48.0 5.470854 
1249852256.168365   52.0 2.955553 
1249852256.172150   36.0 3.593403 
1249852256.172180   40.0 5.014921 
1249852256.172211   44.0 5.603762 
1249852256.172241   48.0 5.687203 
1249852256.172272   52.0 3.232453 
1249852256.172302   56.0 1.094618 
1249852256.176025   32.0 2.124750 
1249852256.176056   36.0 3.796419 
1249852256.176086   40.0 5.027921 
1249852256.176117   44.0 5.679089 
1249852256.176147   48.0 5.912149 
1249852256.176178   52.0 3.481347 
1249852256.176208   56.0 1.414948 
1249852256.179932   32.0 2.391268 
1249852256.179962   36.0 3.942636 
1249852256.179993   40.0 5.017020 
1249852256.180023   44.0 5.724837 
1249852256.180054   48.0 6.024101 
1249852256.180084   52.0 3.664134 
1249852256.183838   32.0 2.579255 
1249852256.183868   36.0 4.003056 
1249852256.183899   40.0 5.033456 
1249852256.183929   44.0 5.740016 
1249852256.183960   48.0 5.727658 
1249852256.183990   52.0 3.777267 
1249852256.184021   56.0 2.332062 
1249852256.187744   32.0 2.676710 
1249852256.187775   36.0 3.964002 
1249852256.187805   40.0 5.132498 
1249852256.187836   44.0 5.723598 
1249852256.187866   48.0 5.912149 
1249852256.187897   52.0 3.481347 
1249852256.187927   56.0 2.685236 
1249852256.191650   32.0 2.716147 
1249852256.191681   36.0 3.960264 
1249852256.191711   40.0 5.162151 
1249852256.191742   44.0 5.639493 
1249852256.191772   48.0 6.024101 
1249852256.191803   52.0 3.664134 
1249852256.195557   32.0 2.681652 
1249852256.195587   36.0 3.988613 
1249852256.195618   40.0 5.063286 
1249852256.195648   44.0 5.339012 
1249852256.195679   48.0 5.969615 
1249852256.195709   52.0 3.777267 
1249852256.195740   56.0 2.916121 
1249852256.199463   32.0 2.650393 
1249852256.199493   36.0 4.004009 
1249852256.199524   40.0 4.641456 
1249852256.199554   44.0 4.285233 
1249852256.199585   48.0 5.836445 
1249852256.199615   52.0 3.508987 
1249852256.199646   56.0 2.685236 
1249852256.203369   32.0 2.681575 
1249852256.203400   36.0 4.011592 
1249852256.203430   40.0 4.339633 
1249852256.203461   44.0 4.045599 
1249852256.203491   48.0 5.678267 
1249852256.203522   52.0 3.454056 
1249852256.203552   56.0 2.755072 
1249852256.207275   32.0 2.703813 
1249852256.207306   36.0 4.012312 
1249852256.207336   40.0 3.938107 
1249852256.207367   44.0 3.138685 
1249852256.207397   48.0 5.789968 
1249852256.207428   52.0 3.525027 
1249852256.207458   56.0 2.916121 
1249852256.211182   32.0 2.718662 
1249852256.211212   36.0 3.989066 
1249852256.211243   40.0 2.726027 
1249852256.211273   44.0 2.667501 
1249852256.211304   48.0 5.734167 
1249852256.211334   52.0 2.059462 
1249852256.211365   56.0 2.925628 
1249852256.215088   32.0 2.727298 
1249852256.215118   36.0 3.861679 
1249852256.215179   44.0 2.412483 
1249852256.215210   48.0 4.994522 
1249852256.215240   52.0 2.318476 
1249852256.215271   56.0 2.221128 
1249852256.218994   32.0 2.656377 
1249852256.219025   36.0 3.605447 
1249852256.219086   44.0 2.507817 
1249852256.219116   48.0 5.057476 
1249852256.219147   52.0 1.856642 
1249852256.219177   56.0 2.126065 
1249852256.222900   32.0 2.441854 
1249852256.222931   36.0 3.199809 
1249852256.222992   44.0 2.416289 
1249852256.223022   48.0 5.116352 
1249852256.226807   32.0 2.081820 
1249852256.226837   36.0 2.628316 
1249852256.226898   44.0 2.323664 
1249852256.226929   48.0 5.171266 
1249852256.230743   36.0 2.463828 
1249852256.230804   44.0 2.036996 
1249852256.230835   48.0 5.222348 
1249852256.234711   44.0 2.554998 
1249852256.234741   48.0 5.269727 
1249852256.238617   44.0 2.533771 
1249852256.238647   48.0 5.669426 
1249852256.242523   44.0 2.521137 
1249852256.242554   48.0 5.716120 
1249852256.246429   44.0 2.549888 
1249852256.246460   48.0 5.758987 
1249852256.250336   44.0 2.612711 
1249852256.250366   48.0 5.798131 
1249852256.254211   40.0 2.911400 
1249852256.254242   44.0 2.698241 
1249852256.254272   48.0 5.833634 
1249852256.258118   40.0 2.994911 
1249852256.258148   44.0 2.794483 
1249852256.258179   48.0 5.865573 
1249852256.262024   40.0 2.885777 
1249852256.262054   44.0 2.891330 
1249852256.262085   48.0 5.894017 
1249852256.265930   40.0 2.911400 
1249852256.265961   44.0 2.951513 
1249852256.265991   48.0 4.916371 
1249852256.269836   40.0 2.994911 
1249852256.269867   44.0 2.882709 
1249852256.269897   48.0 4.930608 
1249852256.273743   40.0 2.885777 
1249852256.273773   44.0 2.626484 
1249852256.273804   48.0 4.888428 
1249852256.277649   40.0 2.526278 
1249852256.277679   44.0 0.391592 
1249852256.277710   48.0 4.897946 
1249852256.277740   52.0 2.151314 
1249852256.281555   40.0 1.880655 
1249852256.281586   44.0 1.151586 
1249852256.281616   48.0 4.134301 
1249852256.281647   52.0 2.098476 
1249852256.285461   40.0 1.503770 
1249852256.285492   44.0 1.159217 
1249852256.285522   48.0 4.137905 
1249852256.285553   52.0 1.951803 
1249852256.289368   40.0 1.481700 
1249852256.289398   44.0 1.159540 
1249852256.289429   48.0 4.139962 
1249852256.289459   52.0 1.390856 
1249852256.293274   40.0 1.437789 
1249852256.293304   44.0 1.152840 
1249852256.293335   48.0 4.140460 
1249852256.293365   52.0 1.600778 
1249852256.297180   40.0 1.800955 
1249852256.297211   44.0 2.437744 
1249852256.297241   48.0 4.139357 
1249852256.297272   52.0 1.690851 
1249852256.297302   56.0 1.584461 
1249852256.301117   44.0 2.507731 
1249852256.301147   48.0 4.136614 
1249852256.301178   52.0 1.709320 
1249852256.301208   56.0 1.551892 
1249852256.305023   44.0 2.500678 
1249852256.305054   48.0 4.254584 
1249852256.305084   52.0 1.711245 
1249852256.305115   56.0 1.463846 
1249852256.308929   44.0 2.468405 
1249852256.308960   48.0 4.248006 
1249852256.308990   52.0 1.701244 
1249852256.309021   56.0 1.329376 
1249852256.312836   44.0 2.432378 
1249852256.312866   48.0 4.239491 
1249852256.312897   52.0 1.703919 
1249852256.312927   56.0 1.069868 
1249852256.316742   44.0 2.394674 
1249852256.316772   48.0 4.228918 
1249852256.316803   52.0 1.710726 
1249852256.320648   44.0 2.357732 
1249852256.320679   48.0 4.216183 
1249852256.320709   52.0 1.715746 
1249852256.320740   56.0 0.967372 
1249852256.324554   44.0 2.324111 
1249852256.324585   48.0 4.201146 
1249852256.324615   52.0 1.719708 
1249852256.324646   56.0 0.076562 
1249852256.328461   44.0 2.296105 
1249852256.328491   48.0 4.183662 
1249852256.328522   52.0 1.639763 
1249852256.332367   44.0 2.194273 
1249852256.332397   48.0 3.955750 
1249852256.332428   52.0 1.454470 
1249852256.336273   44.0 2.088267 
1249852256.336304   48.0 3.371242 
1249852256.336334   52.0 1.154929 
1249852256.340179   44.0 1.910194 
1249852256.340210   48.0 3.111047 
1249852256.340240   52.0 0.740880 
1249852256.344086   44.0 1.656060 
1249852256.344116   48.0 2.859138 
1249852256.344147   52.0 0.222931 
1249852256.347992   44.0 1.327218 
1249852256.348022   48.0 1.884681 
1249852256.348053   52.0 0.072519 
1249852256.351898   44.0 0.967713 
1249852256.351929   48.0 1.822597 
1249852256.351959   52.0 0.074930 
1249852256.355804   44.0 0.478588 
1249852256.355835   48.0 0.784583 
1249852256.355865   52.0 0.333966 
1249852256.359711   44.0 0.322107 
1249852256.359741   48.0 0.778841 
1249852256.359772   52.0 0.339224 
1249852256.363617   44.0 1.115495 
1249852256.363647   48.0 0.772341 
1249852256.363678   52.0 0.343937 
1249852256.367523   44.0 1.502255 
1249852256.367554   48.0 0.730327 
1249852256.367584   52.0 0.348502 
1249852256.371429   44.0 1.516109 
1249852256.371490   52.0 0.357101 
1249852256.375305   40.0 2.050974 
1249852256.375336   44.0 1.521401 
1249852256.375397   52.0 0.367243 
1249852256.379211   40.0 2.245367 
1249852256.379242   44.0 1.514811 
1249852256.379303   52.0 0.531329 
1249852256.383148   44.0 1.670125 
1249852256.383209   52.0 0.634195 
1249852256.387054   44.0 1.820581 
1249852256.387115   52.0 0.612578 
1249852256.390961   44.0 1.906561 
1249852256.390991   48.0 1.659521 
1249852256.391022   52.0 0.612149 
1249852256.394897   48.0 1.896996 
1249852256.394928   52.0 0.611111 
1249852256.398804   48.0 2.027862 
1249852256.398834   52.0 0.644668 
1249852256.398895   60.0 1.261750 
1249852256.402710   48.0 2.311176 
1249852256.402740   52.0 0.646545 
1249852256.402771   56.0 1.336989 
1249852256.402802   60.0 1.261456 
1249852256.406616   48.0 2.394453 
1249852256.406647   52.0 0.648164 
1249852256.406677   56.0 1.312630 
1249852256.406708   60.0 1.237267 
1249852256.410522   48.0 2.425157 
1249852256.410553   52.0 0.441470 
1249852256.410583   56.0 1.277204 
1249852256.410614   60.0 1.188273 
1249852256.414459   52.0 1.022826 
1249852256.414490   56.0 1.231205 
1249852256.418365   52.0 1.443229 
1249852256.422272   52.0 1.774288 
1249852256.426178   52.0 1.972856 
1249852256.430084   52.0 1.973753 
1249852256.433990   52.0 1.974110 
1249852256.437866   48.0 2.482495 
1249852256.437897   52.0 1.973938 
1249852256.441772   48.0 2.520066 
1249852256.441803   52.0 1.973235 
1249852256.445679   48.0 2.484611 
1249852256.445709   52.0 1.972002 
1249852256.449615   52.0 1.970236 
1249852256.453522   52.0 1.855145 
1249852256.457428   52.0 1.615305 
1249852256.461334   52.0 1.403965 
1249852256.461365   56.0 1.840706 
1249852256.465240   52.0 1.407409 
1249852256.465271   56.0 1.912390 
1249852256.469147   52.0 1.345918 
1249852256.469177   56.0 2.051671 
1249852256.473053   52.0 1.205537 
1249852256.473083   56.0 2.031968 
1249852256.476959   52.0 1.111490 
1249852256.476990   56.0 1.961173 
1249852256.480865   52.0 1.027638 
1249852256.480896   56.0 1.835380 
1249852256.484772   52.0 0.916282 
1249852256.484802   56.0 1.645313 
1249852256.488678   52.0 0.756271 
1249852256.488708   56.0 1.457616 
1249852256.492584   52.0 0.284429 
1249852256.492615   56.0 1.361263 
1249852256.496490   52.0 0.281624 
1249852256.496521   56.0 1.243535 
1249852256.500397   52.0 0.171583 
1249852256.500427   56.0 1.109165 
1249852256.504303   52.0 0.168443 
1249852256.504333   56.0 0.963739 
1249852256.508209   52.0 0.083400 
1249852256.508240   56.0 0.813440 
1249852256.512146   56.0 0.665076 
1249852256.516052   56.0 0.525434 
1249852256.519958   56.0 0.194852 
1249852256.523865   56.0 0.237309 
1249852256.523895   60.0 0.277272 
1249852256.527771   56.0 1.506933 
1249852256.527802   60.0 0.448694 
1249852256.531616   48.0 0.032934 
1249852256.531647   52.0 0.141705 
1249852256.531677   56.0 2.358655 
1249852256.531708   60.0 0.676213 
1249852256.535522   48.0 0.207463 
1249852256.535553   52.0 0.247987 
1249852256.535583   56.0 2.365521 
1249852256.535614   60.0 0.901704 
1249852256.539429   48.0 0.377404 
1249852256.539459   52.0 0.250176 
1249852256.539490   56.0 2.442181 
1249852256.539520   60.0 1.140512 
1249852256.543335   48.0 0.538778 
1249852256.543365   52.0 0.250512 
1249852256.543396   56.0 2.446590 
1249852256.543427   60.0 1.366266 
1249852256.547241   48.0 0.685818 
1249852256.547272   52.0 0.247853 
1249852256.547302   56.0 2.449713 
1249852256.547333   60.0 1.599176 
1249852256.551147   48.0 0.657749 
1249852256.551178   52.0 0.242101 
1249852256.551208   56.0 2.451586 
1249852256.551239   60.0 1.827804 
1249852256.555054   48.0 0.614697 
1249852256.555084   52.0 0.233145 
1249852256.555115   56.0 2.452240 
1249852256.555145   60.0 1.824362 
1249852256.558960   48.0 0.554312 
1249852256.558990   52.0 0.221069 
1249852256.559021   56.0 2.451679 
1249852256.559052   60.0 1.831372 
1249852256.562897   52.0 0.173438 
1249852256.562927   56.0 2.449899 
1249852256.562958   60.0 1.842757 
1249852256.566803   52.0 0.058723 
1249852256.566833   56.0 2.038256 
1249852256.566864   60.0 1.850653 
1249852256.570709   52.0 1.190057 
1249852256.570740   56.0 2.269854 
1249852256.570770   60.0 1.855552 
1249852256.574615   52.0 1.377027 
1249852256.574646   56.0 2.264799 
1249852256.574677   60.0 1.857860 
1249852256.578522   52.0 1.532835 
1249852256.578552   56.0 2.258475 
1249852256.578583   60.0 0.873718 
1249852256.582458   56.0 2.952379 
1249852256.582489   60.0 2.069922 
1249852256.586365   56.0 3.157540 
1249852256.586395   60.0 2.499264 
1249852256.590271   56.0 3.341850 
1249852256.590302   60.0 2.893111 
1249852256.594177   56.0 3.499982 
1249852256.594208   60.0 3.255341 
1249852256.598083   56.0 3.627297 
1249852256.598114   60.0 3.603415 
1249852256.601990   56.0 3.592598 
1249852256.602020   60.0 4.261347 
1249852256.605865   52.0 2.911324 
1249852256.605896   56.0 3.864642 
1249852256.605927   60.0 4.638082 
1249852256.609772   52.0 3.182475 
1249852256.609802   56.0 4.019050 
1249852256.609833   60.0 4.799229 
1249852256.613617   44.0 1.845729 
1249852256.613647   48.0 3.857455 
1249852256.613678   52.0 3.363370 
1249852256.613708   56.0 3.966220 
1249852256.613739   60.0 4.822249 
1249852256.617523   44.0 1.912547 
1249852256.617554   48.0 4.028619 
1249852256.617584   52.0 3.434376 
1249852256.617615   56.0 3.903566 
1249852256.617645   60.0 4.841241 
1249852256.621429   44.0 1.896440 
1249852256.621460   48.0 3.937770 
1249852256.621490   52.0 3.443465 
1249852256.621521   56.0 3.828917 
1249852256.621552   60.0 4.994461 
1249852256.625336   44.0 1.808727 
1249852256.625366   48.0 3.627358 
1249852256.625397   52.0 3.393063 
1249852256.625427   56.0 3.739911 
1249852256.625458   60.0 5.128399 
1249852256.629272   48.0 3.422335 
1249852256.629303   52.0 3.279270 
1249852256.629333   56.0 3.633976 
1249852256.629364   60.0 5.241450 
1249852256.633240   56.0 3.508506 
1249852256.633270   60.0 4.636244 
1249852256.637146   56.0 3.243700 
1249852256.637177   60.0 4.666170 
1249852256.641052   56.0 3.082880 
1249852256.641083   60.0 4.691710 
1249852256.644958   56.0 2.479118 
1249852256.644989   60.0 4.714868 
1249852256.648895   60.0 4.737078 
1249852256.652802   60.0 4.759385 
1249852256.656708   60.0 4.782219 
1249852256.660614   60.0 5.632991 
1249852256.664520   60.0 5.628631 
1249852256.668427   60.0 5.610230 
1249852256.672333   60.0 5.576063 
1249852256.676239   60.0 5.524403 
1249852256.680145   60.0 5.453630 
1249852256.684021   56.0 2.645979 
1249852256.684052   60.0 5.373584 
1249852256.687927   56.0 2.887922 
1249852256.687958   60.0 5.286274 
1249852256.691833   56.0 3.057297 
1249852256.691864   60.0 5.191670 
1249852256.695740   56.0 3.169556 
1249852256.695770   60.0 5.089705 
1249852256.699646   56.0 3.235144 
1249852256.699677   60.0 4.980446 
1249852256.703552   56.0 3.254632 
1249852256.703583   60.0 4.868653 
1249852256.707458   56.0 3.226359 
1249852256.707489   60.0 4.744843 
1249852256.711365   56.0 3.154053 
1249852256.711395   60.0 4.628016 
1249852256.715271   56.0 3.070736 
1249852256.715302   60.0 4.512695 
1249852256.719177   56.0 3.003533 
1249852256.719208   60.0 4.418525 
1249852256.723083   56.0 2.942214 
1249852256.723114   60.0 4.344887 
1249852256.726990   56.0 3.043208 
1249852256.727020   60.0 4.233998 
1249852256.730896   56.0 2.741349 
1249852256.730927   60.0 3.775480 
1249852256.734802   56.0 2.548531 
1249852256.734833   60.0 3.416003 
1249852256.738708   56.0 2.297254 
1249852256.738739   60.0 3.275562 
1249852256.742645   60.0 2.648881 
1249852256.859833   60.0 2.592465 
1249852256.863739   60.0 2.669573 
1249852256.867645   60.0 2.669573 
1249852256.871552   60.0 2.546937 
1249852256.395050   68.0 0.572325 
1249852256.398956   68.0 0.653197 
1249852256.402832   64.0 0.242069 
1249852256.402863   68.0 0.629638 
1249852256.527954   80.0 2.304554 
1249852256.531738   64.0 2.318471 
1249852256.531860   80.0 2.704423 
1249852256.535645   64.0 2.958447 
1249852256.535675   68.0 3.001733 
1249852256.535706   72.0 2.788642 
1249852256.535736   76.0 2.852463 
1249852256.535767   80.0 2.590228 
1249852256.535828   88.0 3.124666 
1249852256.539551   64.0 3.188114 
1249852256.539581   68.0 3.313385 
1249852256.539612   72.0 3.190217 
1249852256.539642   76.0 3.356819 
1249852256.539673   80.0 3.360633 
1249852256.539703   84.0 2.931610 
1249852256.539734   88.0 2.970615 
1249852256.543457   64.0 3.231432 
1249852256.543488   68.0 3.361487 
1249852256.543518   72.0 3.231750 
1249852256.543549   76.0 3.492339 
1249852256.543579   80.0 3.599161 
1249852256.543610   84.0 2.700290 
1249852256.543640   88.0 3.238057 
1249852256.547363   64.0 3.127219 
1249852256.547394   68.0 3.197246 
1249852256.547424   72.0 2.999383 
1249852256.547455   76.0 3.190034 
1249852256.547485   80.0 2.702753 
1249852256.547516   84.0 2.816829 
1249852256.551270   64.0 3.068864 
1249852256.551300   68.0 2.833871 
1249852256.551331   72.0 2.486577 
1249852256.551361   76.0 3.492339 
1249852256.551392   80.0 3.549418 
1249852256.551422   84.0 2.931610 
1249852256.551453   88.0 2.221624 
1249852256.555176   64.0 3.052682 
1249852256.555267   76.0 3.456490 
1249852256.555298   80.0 3.599161 
1249852256.559082   64.0 3.015743 
1249852256.559174   76.0 2.414272 
1249852256.559204   80.0 2.702753 
1249852256.562988   64.0 2.831257 
1249852256.566895   64.0 2.395384 
1249852256.570801   64.0 1.775319 
1249852256.574707   64.0 1.128635 
1249852256.574738   68.0 1.395312 
1249852256.578613   64.0 0.735537 
1249852256.578644   68.0 1.347291 
1249852256.582520   64.0 0.594175 
1249852256.598236   76.0 0.509882 
1249852256.598267   80.0 2.405241 
1249852256.598297   84.0 2.605016 
1249852256.602051   64.0 2.365238 
1249852256.605957   64.0 3.140883 
1249852256.605988   68.0 1.466883 
1249852256.609863   64.0 3.534003 
1249852256.609894   68.0 2.199653 
1249852256.609924   72.0 3.396521 
1249852256.609955   76.0 3.340379 
1249852256.609985   80.0 2.927496 
1249852256.610016   84.0 2.605016 
1249852256.613770   64.0 3.897521 
1249852256.613800   68.0 3.942502 
1249852256.613831   72.0 3.829582 
1249852256.613861   76.0 3.704113 
1249852256.613892   80.0 3.653888 
1249852256.613922   84.0 3.298367 
1249852256.613953   88.0 3.092634 
1249852256.613983   92.0 3.137778 
1249852256.617676   64.0 3.876992 
1249852256.617706   68.0 3.922585 
1249852256.617737   72.0 3.475507 
1249852256.617767   76.0 3.163213 
1249852256.617798   80.0 2.878114 
1249852256.621582   64.0 3.467234 
1249852256.621613   68.0 3.942502 
1249852256.621643   72.0 2.831142 
1249852256.621674   76.0 3.704113 
1249852256.621704   80.0 3.653888 
1249852256.621796   92.0 2.617404 
1249852256.625488   64.0 2.638882 
1249852256.625519   68.0 3.475129 
1249852256.625549   72.0 3.274471 
1249852256.625580   76.0 3.126427 
1249852256.625610   80.0 3.150734 
1249852256.625641   84.0 3.200835 
1249852256.625671   88.0 3.046340 
1249852256.625702   92.0 3.137778 
1249852256.668457   64.0 2.824362 
1249852256.672363   64.0 3.248036 
1249852256.676270   64.0 3.644743 
1249852256.680176   64.0 4.006780 
1249852256.684082   64.0 4.475867 
1249852256.687988   64.0 4.661230 
1249852256.691895   64.0 4.837457 
1249852256.691925   68.0 2.632680 
1249852256.695801   64.0 5.012102 
1249852256.695831   68.0 2.844562 
1249852256.699707   64.0 5.122703 
1249852256.699738   68.0 3.112416 
1249852256.699768   72.0 2.738609 
1249852256.703613   64.0 5.188363 
1249852256.703644   68.0 3.406390 
1249852256.703674   72.0 2.957442 
1249852256.707520   64.0 5.239353 
1249852256.707550   68.0 3.696142 
1249852256.707581   72.0 2.875468 
1249852256.707611   76.0 2.623809 
1249852256.711426   64.0 5.275792 
1249852256.711456   68.0 3.946746 
1249852256.711487   72.0 3.271979 
1249852256.711517   76.0 3.071182 
1249852256.711548   80.0 2.892147 
1249852256.711578   84.0 2.522178 
1249852256.715332   64.0 5.297734 
1249852256.715363   68.0 4.137856 
1249852256.715393   72.0 3.378711 
1249852256.715424   76.0 3.163220 
1249852256.715454   80.0 2.914343 
1249852256.715485   84.0 2.584554 
1249852256.719238   64.0 5.305082 
1249852256.719269   68.0 4.261079 
1249852256.719299   72.0 3.253754 
1249852256.719330   76.0 2.957740 
1249852256.719360   80.0 2.620904 
1249852256.723145   64.0 5.297683 
1249852256.723175   68.0 4.315063 
1249852256.723206   72.0 2.961462 
1249852256.727051   64.0 5.243662 
1249852256.727081   68.0 4.317812 
1249852256.727112   72.0 3.439375 
1249852256.727142   76.0 1.756555 
1249852256.730957   64.0 5.101033 
1249852256.730988   68.0 4.338436 
1249852256.734863   64.0 4.860205 
1249852256.734894   68.0 4.329465 
1249852256.738770   64.0 4.511148 
1249852256.738800   68.0 4.410860 
1249852256.742676   64.0 4.112977 
1249852256.742706   68.0 4.482778 
1249852256.746582   64.0 4.043337 
1249852256.746613   68.0 4.545935 
1249852256.750488   64.0 2.865599 
1249852256.750519   68.0 2.198225 
1249852256.754395   64.0 2.245320 
1249852256.754425   68.0 2.342572 
1249852256.758301   64.0 1.168536 
1249852256.758331   68.0 1.170748 
1249852256.758514   92.0 2.360729 
1249852256.762207   64.0 3.052520 
1249852256.762238   68.0 2.022298 
1249852256.762421   92.0 2.784560 
1249852256.766113   64.0 3.128195 
1249852256.766144   68.0 3.097785 
1249852256.766174   72.0 2.583988 
1249852256.766327   92.0 2.620188 
1249852256.770020   64.0 3.363984 
1249852256.770081   72.0 2.804512 
1249852256.770111   76.0 2.685515 
1249852256.770172   84.0 2.694699 
1249852256.770203   88.0 2.892492 
1249852256.770233   92.0 2.980745 
1249852256.773926   64.0 3.352145 
1249852256.773956   68.0 4.281745 
1249852256.773987   72.0 3.889122 
1249852256.774017   76.0 2.972032 
1249852256.774048   80.0 2.906869 
1249852256.774078   84.0 2.767957 
1249852256.774109   88.0 2.891600 
1249852256.774139   92.0 2.934711 
1249852256.777832   64.0 3.453978 
1249852256.777863   68.0 4.282388 
1249852256.777893   72.0 4.092581 
1249852256.777924   76.0 2.890593 
1249852256.777954   80.0 2.653959 
1249852256.781738   64.0 3.526380 
1249852256.781769   68.0 4.276888 
1249852256.781799   72.0 4.268519 
1249852256.781830   76.0 3.424011 
1249852256.781860   80.0 2.688575 
1249852256.785645   64.0 3.560248 
1249852256.785675   68.0 4.229801 
1249852256.785706   72.0 4.418135 
1249852256.785736   76.0 3.617254 
1249852256.789581   68.0 3.968150 
1249852256.789612   72.0 6.006434 
1249852256.789642   76.0 2.954280 
1249852256.793488   68.0 4.596536 
1249852256.793518   72.0 6.327176 
1249852256.793549   76.0 3.832542 
1249852256.793579   80.0 2.394990 
1249852256.793610   84.0 2.466328 
1249852256.793640   88.0 2.718431 
1249852256.793671   92.0 2.493721 
1249852256.797363   64.0 2.686537 
1249852256.797394   68.0 4.806695 
1249852256.797424   72.0 6.609383 
1249852256.797455   76.0 5.461656 
1249852256.797485   80.0 2.582468 
1249852256.797516   84.0 2.723590 
1249852256.801270   64.0 2.668850 
1249852256.801300   68.0 4.933555 
1249852256.801331   72.0 6.849209 
1249852256.801361   76.0 5.906474 
1249852256.801392   80.0 3.161688 
1249852256.801422   84.0 0.751342 
1249852256.805176   64.0 2.707593 
1249852256.805206   68.0 4.974866 
1249852256.805237   72.0 6.963248 
1249852256.805267   76.0 6.321857 
1249852256.805298   80.0 3.610647 
1249852256.805328   84.0 1.435917 
1249852256.805359   88.0 2.882337 
1249852256.805389   92.0 2.493721 
1249852256.809082   64.0 2.600588 
1249852256.809113   68.0 4.913307 
1249852256.809143   72.0 7.049060 
1249852256.809174   76.0 6.705168 
1249852256.809204   80.0 2.892418 
1249852256.809235   84.0 0.768418 
1249852256.812988   64.0 2.350394 
1249852256.813019   68.0 4.844119 
1249852256.813049   72.0 7.108260 
1249852256.813080   76.0 7.053566 
1249852256.813110   80.0 4.107370 
1249852256.816925   68.0 4.766095 
1249852256.816956   72.0 7.322260 
1249852256.816986   76.0 7.363812 
1249852256.817017   80.0 4.286705 
1249852256.817047   84.0 2.778031 
1249852256.817078   88.0 2.882337 
1249852256.820831   68.0 4.778615 
1249852256.820862   72.0 7.332211 
1249852256.820892   76.0 7.632508 
1249852256.820923   80.0 4.489684 
1249852256.820953   84.0 3.318189 
1249852256.824707   64.0 2.821795 
1249852256.824738   68.0 4.840674 
1249852256.824768   72.0 7.316720 
1249852256.824799   76.0 7.855935 
1249852256.824829   80.0 4.791082 
1249852256.824860   84.0 3.822196 
1249852256.824921   92.0 2.702084 
1249852256.828613   64.0 3.399312 
1249852256.828644   68.0 4.901373 
1249852256.828674   72.0 7.275948 
1249852256.828705   76.0 8.030308 
1249852256.828735   80.0 5.178406 
1249852256.828766   84.0 3.961857 
1249852256.828796   88.0 2.839324 
1249852256.828827   92.0 2.720985 
1249852256.832520   64.0 3.835640 
1249852256.832550   68.0 4.870276 
1249852256.832581   72.0 7.279389 
1249852256.832611   76.0 8.151916 
1249852256.832642   80.0 5.953461 
1249852256.832672   84.0 4.471385 
1249852256.832703   88.0 2.922060 
1249852256.836426   64.0 4.074312 
1249852256.836456   68.0 4.946640 
1249852256.836487   72.0 7.276462 
1249852256.836517   76.0 8.218054 
1249852256.836548   80.0 6.286181 
1249852256.836578   84.0 4.557099 
1249852256.836609   88.0 3.003770 
1249852256.836639   92.0 2.720985 
1249852256.840332   64.0 4.368147 
1249852256.840363   68.0 5.334017 
1249852256.840393   72.0 7.191781 
1249852256.840424   76.0 8.255464 
1249852256.840454   80.0 6.715804 
1249852256.840485   84.0 4.522093 
1249852256.840515   88.0 3.532200 
1249852256.840546   92.0 2.318518 
1249852256.844238   64.0 4.284194 
1249852256.844269   68.0 5.596395 
1249852256.844299   72.0 7.036376 
1249852256.844330   76.0 8.262617 
1249852256.844360   80.0 7.088398 
1249852256.844391   84.0 5.018330 
1249852256.844421   88.0 3.790803 
1249852256.844452   92.0 2.576205 
1249852256.848145   64.0 3.928738 
1249852256.848175   68.0 5.639797 
1249852256.848206   72.0 6.884880 
1249852256.848236   76.0 8.237727 
1249852256.848267   80.0 7.394977 
1249852256.848297   84.0 5.132533 
1249852256.848328   88.0 4.423109 
1249852256.848358   92.0 3.484063 
1249852256.852051   64.0 3.818739 
1249852256.852081   68.0 5.400824 
1249852256.852112   72.0 6.667965 
1249852256.852142   76.0 8.178579 
1249852256.852173   80.0 7.628453 
1249852256.852203   84.0 5.437747 
1249852256.852234   88.0 4.919338 
1249852256.852264   92.0 3.314438 
1249852256.855957   64.0 4.284194 
1249852256.855988   68.0 5.596395 
1249852256.856018   72.0 6.420990 
1249852256.856049   76.0 8.082746 
1249852256.856079   80.0 7.354158 
1249852256.856110   84.0 5.908866 
1249852256.856140   88.0 4.911320 
1249852256.856171   92.0 3.450078 
1249852256.859863   64.0 4.379782 
1249852256.859894   68.0 5.639797 
1249852256.859924   72.0 6.144246 
1249852256.859955   76.0 7.947066 
1249852256.859985   80.0 7.557949 
1249852256.860016   84.0 6.320124 
1249852256.860046   88.0 4.956037 
1249852256.860077   92.0 3.484063 
1249852256.863770   64.0 4.442053 
1249852256.863800   68.0 5.400824 
1249852256.863831   72.0 5.838376 
1249852256.863861   76.0 7.743332 
1249852256.863892   80.0 7.709942 
1249852256.863922   84.0 6.655062 
1249852256.863953   88.0 4.899864 
1249852256.863983   92.0 1.830045 
1249852256.867676   64.0 4.311816 
1249852256.867706   68.0 4.769876 
1249852256.867737   72.0 5.504587 
1249852256.867767   76.0 7.473516 
1249852256.867798   80.0 7.809952 
1249852256.867828   84.0 6.901964 
1249852256.867859   88.0 4.982528 
1249852256.867889   92.0 2.498879 
1249852256.871582   64.0 3.834090 
1249852256.871613   68.0 4.265840 
1249852256.871643   72.0 5.144456 
1249852256.871674   76.0 7.140811 
1249852256.871704   80.0 7.707786 
1249852256.871735   84.0 6.361524 
1249852256.871765   88.0 5.450340 
1249852256.871796   92.0 1.865949 
1249852256.875488   64.0 1.913176 
1249852256.875519   68.0 2.450260 
1249852256.875549   72.0 4.699006 
1249852256.875580   76.0 6.749334 
1249852256.875610   80.0 7.099209 
1249852256.875641   84.0 6.657705 
1249852256.875671   88.0 5.831440 
1249852256.875702   92.0 3.597288 
1249852256.879395   64.0 0.729824 
1249852256.879425   68.0 2.041134 
1249852256.879456   72.0 4.197254 
1249852256.879486   76.0 6.304107 
1249852256.879517   80.0 7.764451 
1249852256.879547   84.0 6.901964 
1249852256.879578   88.0 4.988564 
1249852256.879608   92.0 2.498879 
1249852256.883331   68.0 3.075037 
1249852256.883362   72.0 3.492420 
1249852256.883392   76.0 5.951161 
1249852256.883423   80.0 7.601305 
1249852256.883453   84.0 7.054188 
1249852256.883484   88.0 5.450340 
1249852256.883514   92.0 3.222368 
1249852256.887207   64.0 1.692066 
1249852256.887238   68.0 3.195019 
1249852256.887268   72.0 3.436092 
1249852256.887299   76.0 5.664314 
1249852256.887329   80.0 7.250265 
1249852256.887360   84.0 7.109308 
1249852256.887390   88.0 5.831440 
1249852256.887421   92.0 3.900052 
1249852256.891113   64.0 1.634290 
1249852256.891144   68.0 3.498831 
1249852256.891174   72.0 4.394885 
1249852256.891205   76.0 5.723478 
1249852256.891235   80.0 7.069715 
1249852256.891266   84.0 6.866912 
1249852256.891296   88.0 6.240716 
1249852256.891327   92.0 4.514928 
1249852256.895020   64.0 1.713668 
1249852256.895050   68.0 3.475238 
1249852256.895081   72.0 4.398329 
1249852256.895111   76.0 4.951730 
1249852256.895142   80.0 6.600289 
1249852256.895172   84.0 6.846495 
1249852256.895203   88.0 6.521524 
1249852256.895233   92.0 4.764809 
1249852256.898956   68.0 3.091462 
1249852256.898987   72.0 4.033163 
1249852256.899017   76.0 4.412688 
1249852256.899048   80.0 6.251988 
1249852256.899078   84.0 6.739525 
1249852256.899109   88.0 6.660171 
1249852256.899139   92.0 4.994553 
1249852256.902863   68.0 2.161787 
1249852256.902893   72.0 3.272002 
1249852256.902924   76.0 3.713001 
1249852256.902954   80.0 5.882346 
1249852256.902985   84.0 6.527966 
1249852256.903015   88.0 6.291033 
1249852256.903046   92.0 5.179543 
1249852256.906860   80.0 5.420629 
1249852256.906891   84.0 5.981168 
1249852256.906921   88.0 6.315004 
1249852256.906952   92.0 5.316226 
1249852256.910736   76.0 2.755740 
1249852256.910767   80.0 4.972517 
1249852256.910797   84.0 5.464870 
1249852256.910828   88.0 6.137979 
1249852256.910858   92.0 5.389143 
1249852256.914642   76.0 2.780267 
1249852256.914673   80.0 3.679611 
1249852256.914703   84.0 4.817981 
1249852256.914734   88.0 5.624815 
1249852256.914764   92.0 4.620402 
1249852256.918518   72.0 0.938173 
1249852256.918549   76.0 2.710515 
1249852256.918579   80.0 3.253705 
1249852256.918610   84.0 4.024862 
1249852256.918640   88.0 4.952614 
1249852256.918671   92.0 4.318580 
1249852256.922424   72.0 0.799765 
1249852256.922455   76.0 1.187485 
1249852256.922485   80.0 2.445637 
1249852256.922516   84.0 1.992796 
1249852256.922546   88.0 3.331011 
1249852256.922577   92.0 2.279633 
1249852256.926361   76.0 1.105493 
1249852256.926392   80.0 2.754003 
1249852256.926422   84.0 1.975710 
1249852256.926453   88.0 3.297064 
1249852256.926483   92.0 2.658087 
1249852256.930267   76.0 1.076165 
1249852256.930298   80.0 2.713041 
1249852256.930328   84.0 1.646556 
1249852256.930359   88.0 2.347566 
1249852256.930389   92.0 3.117956 
1249852256.934174   76.0 0.999271 
1249852256.934204   80.0 2.076692 
1249852256.934235   84.0 2.079884 
1249852256.934265   88.0 2.769194 
1249852256.934296   92.0 3.556002 
1249852256.938080   76.0 0.771376 
1249852256.938141   84.0 1.829589 
1249852256.938171   88.0 2.932274 
1249852256.938202   92.0 3.896813 
1249852256.941986   76.0 0.527659 
1249852256.942047   84.0 1.703930 
1249852256.942078   88.0 2.953924 
1249852256.942108   92.0 4.114814 
1249852256.945984   88.0 3.021144 
1249852256.946014   92.0 4.161380 
1249852256.949890   88.0 3.071886 
1249852256.949921   92.0 4.063077 
1249852256.953796   88.0 3.167835 
1249852256.953827   92.0 4.873183 
1249852256.957703   88.0 2.702198 
1249852256.957733   92.0 4.812902 
1249852256.961609   88.0 3.198632 
1249852256.961639   92.0 4.005555 
1249852256.965515   88.0 3.702474 
1249852256.965546   92.0 3.626988 
1249852256.969421   88.0 3.702474 
1249852256.969452   92.0 4.104596 
1249852256.973328   88.0 3.461040 
1249852256.973358   92.0 4.104596 
1249852256.977234   88.0 2.400086 
1249852256.977264   92.0 2.406050 
1249852256.981171   92.0 3.060985 
1249852256.985077   92.0 2.706552 
1249852256.739044  100.0 3.275484 
1249852256.742950  100.0 3.338127 
1249852256.746826   96.0 2.678818 
1249852256.746857  100.0 3.382952 
1249852256.750732   96.0 2.838324 
1249852256.750763  100.0 3.410611 
1249852256.750793  104.0 3.060394 
1249852256.754639   96.0 2.933223 
1249852256.754669  100.0 3.421652 
1249852256.754700  104.0 3.179361 
1249852256.758545   96.0 3.007557 
1249852256.758575  100.0 3.405982 
1249852256.758606  104.0 3.195607 
1249852256.762451   96.0 2.891621 
1249852256.762482  100.0 3.315503 
1249852256.762512  104.0 3.126335 
1249852256.762543  108.0 2.327888 
1249852256.766357   96.0 2.729537 
1249852256.766388  100.0 3.073760 
1249852256.766418  104.0 2.835823 
1249852256.766449  108.0 2.362074 
1249852256.770264   96.0 3.007557 
1249852256.770294  100.0 2.855025 
1249852256.770325  104.0 2.566402 
1249852256.770355  108.0 2.450654 
1249852256.770386  112.0 1.272031 
1249852256.770416  116.0 0.881900 
1249852256.774170   96.0 3.150586 
1249852256.774200  100.0 2.449661 
1249852256.774231  104.0 2.210696 
1249852256.774261  108.0 2.554971 
1249852256.774292  112.0 1.367794 
1249852256.774323  116.0 1.566983 
1249852256.774353  120.0 1.908031 
1249852256.774384  124.0 1.876317 
1249852256.778076   96.0 2.857621 
1249852256.778137  104.0 1.601738 
1249852256.778168  108.0 2.388491 
1249852256.778198  112.0 2.152351 
1249852256.778229  116.0 2.267935 
1249852256.778259  120.0 2.415822 
1249852256.778290  124.0 2.292627 
1249852256.782043  104.0 1.722178 
1249852256.782074  108.0 2.563246 
1249852256.782104  112.0 2.215950 
1249852256.782166  120.0 2.395044 
1249852256.785950  104.0 1.357206 
1249852256.785980  108.0 1.919631 
1249852256.786011  112.0 2.174234 
1249852256.786072  120.0 2.244677 
1249852256.786102  124.0 2.276388 
1249852256.789886  108.0 1.688877 
1249852256.789917  112.0 2.000495 
1249852256.793701   96.0 2.215769 
1249852256.793915  124.0 2.276388 
1249852256.797607   96.0 2.440888 
1249852256.797821  124.0 1.798019 
1249852256.801514   96.0 2.365254 
1249852256.879639   96.0 2.693951 
1249852256.883545   96.0 3.548914 
1249852256.887451   96.0 2.968473 
1249852256.891357   96.0 3.512603 
1249852256.895264   96.0 4.301317 
1249852256.895294  100.0 3.807231 
1249852256.899170   96.0 4.217363 
1249852256.899200  100.0 2.862034 
1249852256.903076   96.0 4.700547 
1249852256.903107  100.0 3.050635 
1249852256.903137  104.0 2.612313 
1249852256.906982   96.0 4.859459 
1249852256.907013  100.0 3.335677 
1249852256.907043  104.0 3.211852 
1249852256.910889   96.0 4.993139 
1249852256.910919  100.0 3.567968 
1249852256.910950  104.0 2.509500 
1249852256.914795   96.0 4.828552 
1249852256.914825  100.0 3.849461 
1249852256.918701   96.0 3.880548 
1249852256.918732  100.0 3.534600 
1249852256.918762  104.0 3.211852 
1249852256.922607   96.0 2.592033 
1249852256.922638  100.0 2.266606 
1249852256.922668  104.0 2.509500 
1249852256.926514   96.0 2.702668 
1249852256.926544  100.0 2.034807 
1249852256.926575  104.0 1.753747 
1249852256.930420   96.0 3.430348 
1249852256.930450  100.0 3.077282 
1249852256.930481  104.0 2.584731 
1249852256.930511  108.0 2.457545 
1249852256.934326   96.0 4.093956 
1249852256.934357  100.0 3.972985 
1249852256.934387  104.0 3.328325 
1249852256.934418  108.0 1.858369 
1249852256.938232   96.0 4.624271 
1249852256.938263  100.0 4.026355 
1249852256.938293  104.0 4.028593 
1249852256.938324  108.0 2.884984 
1249852256.942139   96.0 4.989250 
1249852256.942169  100.0 4.142744 
1249852256.942200  104.0 4.704970 
1249852256.942230  108.0 4.080964 
1249852256.946045   96.0 5.160716 
1249852256.946075  100.0 5.614733 
1249852256.946106  104.0 5.260303 
1249852256.946136  108.0 4.511468 
1249852256.946259  124.0 2.580482 
1249852256.949951   96.0 5.126458 
1249852256.949982  100.0 5.759586 
1249852256.950012  104.0 5.666607 
1249852256.950043  108.0 5.007617 
1249852256.950073  112.0 3.759205 
1249852256.950165  124.0 2.699111 
1249852256.953857   96.0 5.741019 
1249852256.953888  100.0 5.981408 
1249852256.953918  104.0 5.891335 
1249852256.953949  108.0 5.604006 
1249852256.953979  112.0 4.244190 
1249852256.954010  116.0 3.368176 
1249852256.954041  120.0 3.647753 
1249852256.954071  124.0 3.083278 
1249852256.957764   96.0 5.779912 
1249852256.957794  100.0 6.108571 
1249852256.957825  104.0 6.050848 
1249852256.957855  108.0 5.905160 
1249852256.957886  112.0 4.846436 
1249852256.957916  116.0 4.088065 
1249852256.957947  120.0 2.552271 
1249852256.961670   96.0 5.600117 
1249852256.961700  100.0 5.932239 
1249852256.961731  104.0 6.007586 
1249852256.961761  108.0 6.088583 
1249852256.961792  112.0 5.456973 
1249852256.961823  116.0 4.894351 
1249852256.961853  120.0 3.842924 
1249852256.961884  124.0 3.633147 
1249852256.965576   96.0 5.369880 
1249852256.965607  100.0 5.798576 
1249852256.965637  104.0 5.881191 
1249852256.965668  108.0 6.233242 
1249852256.965698  112.0 5.855175 
1249852256.965729  116.0 5.506871 
1249852256.965759  120.0 5.092642 
1249852256.965790  124.0 4.133733 
1249852256.969482   96.0 4.522486 
1249852256.969513  100.0 5.655852 
1249852256.969543  104.0 5.653912 
1249852256.969574  108.0 6.139824 
1249852256.969604  112.0 5.998181 
1249852256.969635  116.0 5.790385 
1249852256.969666  120.0 5.368457 
1249852256.969696  124.0 4.753199 
1249852256.973389   96.0 4.066683 
1249852256.973419  100.0 5.477233 
1249852256.973450  104.0 5.302976 
1249852256.973480  108.0 5.885468 
1249852256.973511  112.0 5.960046 
1249852256.973541  116.0 5.879366 
1249852256.973572  120.0 5.529046 
1249852256.973602  124.0 4.932432 
1249852256.977295   96.0 3.527043 
1249852256.977325  100.0 5.261981 
1249852256.977356  104.0 5.317479 
1249852256.977386  108.0 5.672595 
1249852256.977417  112.0 5.998181 
1249852256.977448  116.0 5.881824 
1249852256.977478  120.0 5.750918 
1249852256.977509  124.0 5.352501 
1249852256.981201   96.0 2.890768 
1249852256.981232  100.0 3.605843 
1249852256.981262  104.0 5.122194 
1249852256.981293  108.0 4.981893 
1249852256.981323  112.0 5.365867 
1249852256.981354  116.0 5.708168 
1249852256.981384  120.0 5.800374 
1249852256.981415  124.0 5.604221 
1249852256.985107   96.0 3.108453 
1249852256.985138  100.0 3.501959 
1249852256.985168  104.0 3.373855 
1249852256.985199  108.0 5.447228 
1249852256.985229  112.0 5.851403 
1249852256.985260  116.0 5.881824 
1249852256.985291  120.0 5.793400 
1249852256.985321  124.0 5.637986 
1249852256.989044  100.0 2.809794 
1249852256.989075  104.0 5.317479 
1249852256.989105  108.0 5.672595 
1249852256.989136  112.0 5.365867 
1249852256.989166  116.0 5.876350 
1249852256.989197  120.0 5.800374 
1249852256.989227  124.0 5.637986 
1249852256.992981  104.0 3.492307 
1249852256.993011  108.0 4.488441 
1249852256.993042  112.0 4.758862 
1249852256.993073  116.0 5.475736 
1249852256.993103  120.0 5.052644 
1249852256.993134  124.0 5.366366 
1249852256.996918  108.0 3.116841 
1249852256.996948  112.0 4.236629 
1249852256.996979  116.0 4.689595 
1249852256.997009  120.0 4.953917 
1249852256.997040  124.0 4.972364 
1249852257.000824  108.0 1.660174 
1249852257.000854  112.0 3.786902 
1249852257.000885  116.0 4.242632 
1249852257.000916  120.0 4.184733 
1249852257.000946  124.0 4.531898 
1249852257.004791  116.0 3.420219 
1249852257.004822  120.0 3.324172 
1249852257.004852  124.0 3.564310 
1249852257.008698  116.0 2.807916 
1249852257.008728  120.0 1.700691 
1249852257.008759  124.0 1.722194 
1249852257.012665  124.0 1.613919 
1249852256.782227  128.0 3.406941 
1249852256.786133  128.0 3.212974 
1249852256.790039  128.0 3.009012 
1249852256.793945  128.0 3.406941 
1249852256.954102  128.0 2.035542 
1249852256.954163  136.0 1.660442 
1249852256.961914  128.0 3.030205 
1249852256.961945  132.0 2.428462 
1249852256.965820  128.0 4.388777 
1249852256.965851  132.0 3.819166 
1249852256.965881  136.0 3.087606 
1249852256.966003  152.0 2.137333 
1249852256.966034  156.0 2.104048 
1249852256.969727  128.0 4.265915 
1249852256.969757  132.0 3.839796 
1249852256.969788  136.0 3.357595 
1249852256.969910  152.0 2.137333 
1249852256.973633  128.0 3.730517 
1249852256.973663  132.0 2.487765 
1249852256.973694  136.0 1.456019 
1249852256.973724  140.0 2.560375 
1249852256.973755  144.0 1.231356 
1249852256.973785  148.0 1.954634 
1249852256.973816  152.0 0.639739 
1249852256.973846  156.0 1.640646 
1249852256.977539  128.0 4.478114 
1249852256.977570  132.0 4.357855 
1249852256.977600  136.0 3.565084 
1249852256.977631  140.0 1.624657 
1249852256.977661  144.0 2.330383 
1249852256.977692  148.0 2.960449 
1249852256.977722  152.0 1.726201 
1249852256.977753  156.0 2.230261 
1249852256.981445  128.0 5.032516 
1249852256.981476  132.0 5.340653 
1249852256.981506  136.0 5.028927 
1249852256.981537  140.0 4.511418 
1249852256.981567  144.0 2.758415 
1249852256.981598  148.0 2.532916 
1249852256.981628  152.0 2.427183 
1249852256.981659  156.0 2.257999 
1249852256.985352  128.0 5.839397 
1249852256.985382  132.0 5.592319 
1249852256.985413  136.0 5.409903 
1249852256.985443  140.0 5.127144 
1249852256.985474  144.0 4.801284 
1249852256.985504  148.0 4.454319 
1249852256.985535  152.0 4.841276 
1249852256.985565  156.0 4.882765 
1249852256.989258  128.0 5.856188 
1249852256.989288  132.0 6.046935 
1249852256.989319  136.0 6.129630 
1249852256.989349  140.0 6.053238 
1249852256.989380  144.0 5.860418 
1249852256.989410  148.0 5.574232 
1249852256.989441  152.0 5.139505 
1249852256.989471  156.0 5.081890 
1249852256.993164  128.0 5.580398 
1249852256.993195  132.0 5.954983 
1249852256.993225  136.0 6.211761 
1249852256.993256  140.0 6.294975 
1249852256.993286  144.0 6.239748 
1249852256.993317  148.0 6.070442 
1249852256.993347  152.0 5.709378 
1249852256.993378  156.0 5.306056 
1249852256.997070  128.0 5.063939 
1249852256.997101  132.0 5.337963 
1249852256.997131  136.0 5.717066 
1249852256.997162  140.0 5.954267 
1249852256.997192  144.0 6.061277 
1249852256.997223  148.0 6.050317 
1249852256.997253  152.0 5.833759 
1249852256.997284  156.0 5.563903 
1249852257.000977  128.0 4.227232 
1249852257.001007  132.0 5.313679 
1249852257.001038  136.0 5.391578 
1249852257.001068  140.0 5.405317 
1249852257.001099  144.0 5.513456 
1249852257.001129  148.0 5.557675 
1249852257.001160  152.0 5.518937 
1249852257.001190  156.0 5.449800 
1249852257.004883  128.0 1.764136 
1249852257.004913  132.0 2.011011 
1249852257.004944  136.0 3.140200 
1249852257.004974  140.0 2.790815 
1249852257.005005  144.0 3.332514 
1249852257.005035  148.0 3.685537 
1249852257.005066  152.0 4.226175 
1249852257.005096  156.0 4.796533 
1249852257.008942  148.0 2.952723 
1249852257.008972  152.0 3.486234 
1249852257.009003  156.0 3.294275 
1249852256.954407  168.0 0.815341 
1249852256.954437  172.0 1.528609 
1249852256.958252  160.0 2.007259 
1249852256.958282  164.0 2.051609 
1249852256.958313  168.0 1.868217 
1249852256.958344  172.0 2.334846 
1249852256.962219  168.0 1.867215 
1249852256.962250  172.0 2.064904 
1249852256.966064  160.0 2.129039 
1249852256.966095  164.0 2.051609 
1249852256.966125  168.0 2.127580 
1249852256.966156  172.0 2.334846 
1249852256.977783  160.0 2.116317 
1249852256.977814  164.0 1.749603 
1249852256.977844  168.0 1.745114 
1249852256.977875  172.0 1.601022 
1249852256.981720  164.0 2.401758 
1249852256.981750  168.0 2.105666 
1249852256.985596  160.0 3.072320 
1249852256.985626  164.0 4.387047 
1249852256.985657  168.0 3.934987 
1249852256.985687  172.0 2.697931 
1249852256.985718  176.0 3.413960 
1249852256.985748  180.0 2.832294 
1249852256.989502  160.0 4.606368 
1249852256.989532  164.0 3.849434 
1249852256.989563  168.0 2.847569 
1249852256.989594  172.0 4.005507 
1249852256.989624  176.0 3.428199 
1249852256.989655  180.0 2.894277 
1249852256.989685  184.0 2.176384 
1249852256.993408  160.0 4.781707 
1249852256.993439  164.0 4.186225 
1249852256.993469  168.0 3.589012 
1249852256.993500  172.0 3.096900 
1249852256.993530  176.0 3.511698 
1249852256.993561  180.0 3.058052 
1249852256.997314  160.0 5.098132 
1249852256.997345  164.0 4.664605 
1249852256.997375  168.0 4.284667 
1249852256.997406  172.0 4.209627 
1249852256.997437  176.0 3.645914 
1249852256.997467  180.0 5.124267 
1249852256.997498  184.0 4.933366 
1249852256.997528  188.0 4.842962 
1249852257.001221  160.0 5.155718 
1249852257.001251  164.0 4.869462 
1249852257.001282  168.0 4.742230 
1249852257.001312  172.0 5.173612 
1249852257.001343  176.0 5.096766 
1249852257.001373  180.0 5.044683 
1249852257.001404  184.0 4.802777 
1249852257.001434  188.0 4.667158 
1249852257.005127  160.0 4.902244 
1249852257.005157  164.0 4.788620 
1249852257.005188  168.0 4.725521 
1249852257.005219  172.0 5.152996 
1249852257.005249  176.0 5.100776 
1249852257.005280  180.0 5.124267 
1249852257.005310  184.0 4.933366 
1249852257.005341  188.0 4.842962 
1249852257.009033  160.0 4.531507 
1249852257.009064  164.0 4.422066 
1249852257.009094  168.0 4.470640 
1249852257.009125  172.0 4.949226 
1249852257.009155  176.0 4.914122 
1249852257.009186  180.0 4.856752 
1249852257.009216  184.0 4.601918 
1249852257.009247  188.0 4.473583 
1249852257.012939  160.0 3.146448 
1249852257.012970  164.0 3.449628 
1249852257.013000  168.0 3.674593 
1249852257.013062  176.0 2.606795 
1249852257.013092  180.0 3.761191 
1249852257.013123  184.0 2.859710 
1249852257.013153  188.0 2.677339 
1249852257.016907  168.0 2.781579 
1249852257.016937  172.0 2.867314 
1249852257.016968  176.0 2.701561 
1249852257.016998  180.0 2.708956 
1249852257.020782  164.0 2.612758 
1249852257.020813  168.0 3.111609 
1249852257.020844  172.0 3.243407 
1249852257.020874  176.0 3.249402 
1249852257.020905  180.0 2.392735 
1249852257.020935  184.0 3.010215 
1249852257.020966  188.0 2.972303 
1249852257.024658  160.0 2.478072 
1249852257.024689  164.0 2.713192 
1249852257.024719  168.0 2.979548 
1249852257.024750  172.0 2.797697 
1249852257.024780  176.0 2.512928 
1249852257.024811  180.0 3.097125 
1249852257.024841  184.0 2.859710 
1249852257.024872  188.0 2.677339 
1249852257.028625  168.0 2.536700 
1249852257.028656  172.0 2.867314 
1249852257.028687  176.0 2.701561 
1249852257.028717  180.0 2.708956 
1249852256.978241  220.0 0.311703 
1249852256.982147  220.0 2.630765 
1249852256.986053  220.0 3.122744 
1249852256.989838  204.0 2.759119 
1249852256.989868  208.0 3.021852 
1249852256.989899  212.0 3.023127 
1249852256.989929  216.0 2.497166 
1249852256.989960  220.0 3.771989 
1249852256.993744  204.0 1.803618 
1249852256.993774  208.0 3.087384 
1249852256.993805  212.0 2.666580 
1249852256.993835  216.0 2.967979 
1249852256.993866  220.0 2.861593 
1249852256.997559  192.0 4.596767 
1249852256.997589  196.0 4.502193 
1249852256.997620  200.0 4.374422 
1249852256.997650  204.0 4.204492 
1249852256.997681  208.0 4.047267 
1249852256.997711  212.0 3.894689 
1249852256.997742  216.0 3.873950 
1249852256.997772  220.0 3.795586 
1249852257.001465  192.0 4.405975 
1249852257.001495  196.0 4.284030 
1249852257.001526  200.0 4.142314 
1249852257.001556  204.0 3.919539 
1249852257.001587  208.0 3.648303 
1249852257.001617  212.0 3.469044 
1249852257.001648  216.0 3.543791 
1249852257.001678  220.0 4.167659 
1249852257.005371  192.0 4.596767 
1249852257.005402  196.0 4.502193 
1249852257.005432  200.0 4.374422 
1249852257.005463  204.0 4.136786 
1249852257.005493  208.0 3.823737 
1249852257.005524  212.0 3.581714 
1249852257.005554  216.0 3.602037 
1249852257.005585  220.0 3.100154 
1249852257.009277  192.0 4.341012 
1249852257.009308  196.0 4.330079 
1249852257.009338  200.0 4.308160 
1249852257.009369  204.0 4.204492 
1249852257.009399  208.0 4.047267 
1249852257.009430  212.0 4.010870 
1249852257.009460  216.0 4.360441 
1249852257.009491  220.0 4.167659 
1249852257.013184  192.0 3.188013 
1249852257.013367  216.0 2.657593 
1249852257.013397  220.0 2.794890 
1249852257.017090  192.0 1.687928 
1249852257.017120  196.0 2.680961 
1249852257.017151  200.0 2.805518 
1249852257.017181  204.0 3.085332 
1249852257.017212  208.0 3.190149 
1249852257.017242  212.0 3.027282 
1249852257.017273  216.0 2.449999 
1249852257.017303  220.0 2.957436 
1249852257.020996  192.0 2.068411 
1249852257.021027  196.0 2.871516 
1249852257.021057  200.0 3.029083 
1249852257.021088  204.0 2.926177 
1249852257.021118  208.0 2.699401 
1249852257.021149  212.0 2.402059 
1249852257.021179  216.0 2.088936 
1249852257.021210  220.0 1.853793 
1249852257.024902  192.0 2.055115 
1249852256.978271  224.0 0.102866 
1249852256.982178  224.0 2.561878 
1249852256.982208  228.0 2.488519 
1249852256.986084  224.0 3.116988 
1249852256.986115  228.0 2.825989 
1249852256.989990  224.0 3.294542 
1249852256.990021  228.0 2.825989 
1249852256.997803  224.0 3.596868 
1249852257.001709  224.0 2.613410 
1249852257.005676  232.0 2.358693 
1249852257.005707  236.0 2.173881 
1249852257.009521  224.0 3.596868 
1249852257.009552  228.0 3.041327 
1249852257.009583  232.0 2.793512 
1249852257.009613  236.0 2.573830 
1249852257.009644  240.0 2.370257 
1249852257.009674  244.0 2.527002 
1249852257.009705  248.0 1.114641 
1249852257.009735  252.0 1.921413 
1249852257.013489  232.0 2.090404 
1249852257.013519  236.0 2.016037 
1249852257.013550  240.0 1.343706 
1249852257.013580  244.0 1.211446 
1249852257.013611  248.0 1.043295 
1249852257.013641  252.0 1.849838 
1249852257.017334  224.0 2.606802 
1249852257.017365  228.0 2.006234 
1249852257.017395  232.0 1.779727 
1249852257.017426  236.0 1.564773 
1249852257.017456  240.0 1.344520 
1249852257.017487  244.0 1.323942 
1249852257.021301  232.0 0.547126 
1249852257.021332  236.0 0.690118 
1249852257.021362  240.0 0.156201 
1249852257.005920  264.0 1.028192 
1249852257.005951  268.0 1.936947 
1249852257.005981  272.0 2.100948 
1249852257.006012  276.0 2.339238 
1249852257.006042  280.0 2.369837 
1249852257.006073  284.0 2.416982 
1249852257.009766  256.0 1.341835 
1249852257.009796  260.0 2.040455 
1249852257.009827  264.0 1.987033 
1249852257.009857  268.0 1.932823 
1249852257.009888  272.0 1.950445 
1249852257.009918  276.0 2.102711 
1249852257.009949  280.0 2.082532 
1249852257.009979  284.0 2.101913 
1249852257.013672  256.0 0.699481 
1249852257.013702  260.0 0.811490 
1249852257.013733  264.0 1.028192 
1249852257.013763  268.0 1.936947 
1249852257.013794  272.0 2.100948 
1249852257.013824  276.0 2.339238 
1249852257.013855  280.0 2.369837 
1249852257.013885  284.0 2.416982 
1249852257.021667  280.0 0.240303 
1249852257.021698  284.0 0.322671 
1249852257.006104  288.0 2.461877 
1249852257.006134  292.0 2.543127 
1249852257.006165  296.0 2.703262 
1249852257.006195  300.0 2.958484 
1249852257.006226  304.0 2.667723 
1249852257.006256  308.0 2.006833 
1249852257.006287  312.0 2.069047 
1249852257.006317  316.0 2.744704 
1249852257.010010  288.0 2.170985 
1249852257.010040  292.0 2.394457 
1249852257.010071  296.0 2.648176 
1249852257.010101  300.0 3.098392 
1249852257.010132  304.0 2.984739 
1249852257.010162  308.0 3.039992 
1249852257.010193  312.0 3.331446 
1249852257.010223  316.0 3.285359 
1249852257.013916  288.0 2.505147 
1249852257.013947  292.0 2.788798 
1249852257.013977  296.0 3.130674 
1249852257.014008  300.0 3.792537 
1249852257.014038  304.0 3.630908 
1249852257.014069  308.0 3.717604 
1249852257.014099  312.0 4.256836 
1249852257.014130  316.0 4.178362 
1249852257.017944  304.0 2.552260 
1249852257.017975  308.0 2.839040 
1249852257.018005  312.0 2.921897 
1249852257.018036  316.0 3.343753 
1249852257.021729  288.0 0.422801 
1249852257.021759  292.0 0.586442 
1249852257.021790  296.0 0.809890 
1249852257.021820  300.0 1.353807 
1249852257.021851  304.0 1.128393 
1249852257.021912  312.0 1.657832 
1249852257.025848  316.0 2.706978 
1249852257.029755  316.0 2.287188 
1249852256.864441  152.0 1.847734 
1249852256.864471  156.0 2.272290 
1249852256.868164  128.0 2.923270 
1249852256.868195  132.0 2.831046 
1249852256.868225  136.0 3.077328 
1249852256.868256  140.0 2.706734 
1249852256.868286  144.0 2.583856 
1249852256.868317  148.0 2.743346 
1249852256.868347  152.0 2.277040 
1249852256.868378  156.0 2.860083 
1249852256.872070  128.0 2.268297 
1249852256.872101  132.0 2.629030 
1249852256.872131  136.0 3.190474 
1249852256.872162  140.0 3.321900 
1249852256.872192  144.0 3.400880 
1249852256.872223  148.0 3.268310 
1249852256.872253  152.0 2.810076 
1249852256.872284  156.0 3.362234 
1249852256.875977  128.0 2.452821 
1249852256.876007  132.0 2.770818 
1249852256.876038  136.0 3.389650 
1249852256.876068  140.0 3.596462 
1249852256.876099  144.0 3.747791 
1249852256.876129  148.0 3.856610 
1249852256.876160  152.0 3.389312 
1249852256.876190  156.0 3.638191 
1249852256.879883  128.0 3.465178 
1249852256.879913  132.0 3.596644 
1249852256.879944  136.0 3.725671 
1249852256.879974  140.0 3.825722 
1249852256.880005  144.0 3.903532 
1249852256.880035  148.0 3.958922 
1249852256.880066  152.0 3.440841 
1249852256.880096  156.0 3.696178 
1249852256.883789  128.0 3.849639 
1249852256.883820  132.0 3.356000 
1249852256.883850  136.0 3.691629 
1249852256.883881  140.0 3.654931 
1249852256.883911  144.0 3.521471 
1249852256.883942  148.0 3.661550 
1249852256.883972  152.0 3.230359 
1249852256.884003  156.0 3.465924 
1249852256.887695  128.0 2.064646 
1249852256.887726  132.0 2.598117 
1249852256.887756  136.0 2.988168 
1249852256.887787  140.0 3.137866 
1249852256.887817  144.0 3.164968 
1249852256.887848  148.0 3.019028 
1249852256.887878  152.0 2.608681 
1249852256.887909  156.0 2.747811 
1249852256.891693  140.0 1.785181 
1249852256.891724  144.0 1.663523 
1249852256.895508  128.0 3.849639 
1249852256.895538  132.0 3.356000 
1249852256.895569  136.0 3.691629 
1249852256.895599  140.0 3.654931 
1249852256.895630  144.0 3.521471 
1249852256.895660  148.0 2.388611 
1249852256.899414  128.0 3.318693 
1249852256.899445  132.0 2.597993 
1249852256.899475  136.0 2.988168 
1249852256.899506  140.0 2.580009 
1249852256.903320  128.0 3.352535 
1249852256.903351  132.0 1.912850 
1249852256.903381  136.0 2.731563 
1249852256.903412  140.0 3.185937 
1249852256.907227  128.0 2.513108 
1249852256.907257  132.0 1.840082 
1249852256.907288  136.0 0.998642 
1249852256.907318  140.0 0.460672 
1249852256.911163  132.0 0.755233 
1249852256.911194  136.0 0.819586 
1249852256.915039  128.0 2.814480 
1249852256.915070  132.0 2.635802 
1249852256.915100  136.0 2.398630 
1249852256.918945  128.0 3.310203 
1249852256.918976  132.0 3.301970 
1249852256.919006  136.0 2.986945 
1249852256.919037  140.0 2.413884 
1249852256.919067  144.0 3.112034 
1249852256.919098  148.0 3.069592 
1249852256.922852  128.0 3.727860 
1249852256.922882  132.0 3.682089 
1249852256.922913  136.0 3.598015 
1249852256.922943  140.0 3.579531 
1249852256.922974  144.0 3.550408 
1249852256.923004  148.0 3.498707 
1249852256.926758  128.0 3.323714 
1249852256.926788  132.0 3.335759 
1249852256.926819  136.0 3.334268 
1249852256.926849  140.0 3.427798 
1249852256.926880  144.0 3.430311 
1249852256.926910  148.0 3.376211 
1249852256.930664  128.0 3.727860 
1249852256.930695  132.0 3.682089 
1249852256.930725  136.0 3.598015 
1249852256.930756  140.0 3.579531 
1249852256.930786  144.0 3.550408 
1249852256.930817  148.0 3.498707 
1249852256.934570  128.0 2.847125 
1249852256.934601  132.0 2.703104 
1249852256.934631  136.0 2.512475 
1249852256.934692  144.0 2.629007 
1249852256.934723  148.0 2.546683 
1249852256.938477  128.0 0.976947 
1249852256.938507  132.0 1.506831 
1249852256.938538  136.0 1.803283 
1249852256.938568  140.0 1.900026 
1249852256.938599  144.0 1.857279 
1249852256.942383  128.0 0.891819 
1249852256.942413  132.0 1.131502 
1249852256.864502  160.0 2.578694 
1249852256.864532  164.0 2.681121 
1249852256.864563  168.0 2.588549 
1249852256.864594  172.0 2.337423 
1249852256.868408  160.0 3.281238 
1249852256.868439  164.0 3.440031 
1249852256.868469  168.0 3.403220 
1249852256.868500  172.0 3.165832 
1249852256.868530  176.0 2.761120 
1249852256.868561  180.0 2.360114 
1249852256.872314  160.0 3.784833 
1249852256.872345  164.0 3.945923 
1249852256.872375  168.0 3.954266 
1249852256.872406  172.0 3.943603 
1249852256.872437  176.0 3.386499 
1249852256.872467  180.0 3.100383 
1249852256.872498  184.0 2.521097 
1249852256.872528  188.0 2.678621 
1249852256.876221  160.0 3.960542 
1249852256.876251  164.0 4.066539 
1249852256.876282  168.0 4.089836 
1249852256.876312  172.0 3.970872 
1249852256.876343  176.0 3.656286 
1249852256.876373  180.0 3.126561 
1249852256.876404  184.0 3.193834 
1249852256.876434  188.0 3.144361 
1249852256.880127  160.0 4.025548 
1249852256.880157  164.0 4.133908 
1249852256.880188  168.0 4.146684 
1249852256.880219  172.0 3.970872 
1249852256.880249  176.0 3.656286 
1249852256.880280  180.0 2.927675 
1249852256.880310  184.0 3.193834 
1249852256.880341  188.0 2.934491 
1249852256.884033  160.0 3.772005 
1249852256.884064  164.0 3.872829 
1249852256.884094  168.0 3.522201 
1249852256.884125  172.0 3.772400 
1249852256.884155  176.0 3.480765 
1249852256.884186  180.0 2.784328 
1249852256.884216  184.0 2.754516 
1249852256.884247  188.0 2.723375 
1249852256.887939  160.0 2.991231 
1249852256.887970  164.0 3.117088 
1249852256.888000  168.0 3.319978 
1249852256.888031  172.0 3.300645 
1249852256.888062  176.0 3.136217 
1249852256.888092  180.0 2.669473 
1249852256.888153  188.0 2.573400 
1249852256.891876  164.0 1.440968 
1249852256.891907  168.0 2.045251 
1249852256.891937  172.0 2.398268 
1249852256.891968  176.0 2.438239 
1249852256.891998  180.0 2.465040 
1249852256.872559  192.0 2.455460 
